% time(s)	cellId	bwpId	IMSI	RNTI	frame	sframe	slot	symStart	numSym	stream	harqId	ndi	rv	mcs	tbSize
0.1015	1	0	5	12	10	3	1	1	12	0	19	1	0	12	52
0.1015	1	0	13	20	10	3	1	1	12	0	19	1	0	12	52
0.1015	1	0	12	19	10	3	1	1	12	0	19	1	0	12	52
0.1015	1	0	11	18	10	3	1	1	12	0	19	1	0	12	52
0.1015	1	0	10	17	10	3	1	1	12	0	19	1	0	12	52
0.1015	1	0	9	16	10	3	1	1	12	0	19	1	0	12	52
0.1015	1	0	8	15	10	3	1	1	12	0	19	1	0	12	52
0.1015	1	0	7	14	10	3	1	1	12	0	19	1	0	12	52
0.1015	1	0	20	1	10	3	1	1	12	0	19	1	0	12	52
0.1015	1	0	19	2	10	3	1	1	12	0	19	1	0	12	52
0.1015	1	0	18	3	10	3	1	1	12	0	19	1	0	12	52
0.1015	1	0	17	4	10	3	1	1	12	0	19	1	0	12	52
0.1015	1	0	16	5	10	3	1	1	12	0	19	1	0	12	52
0.1015	1	0	15	6	10	3	1	1	12	0	19	1	0	12	52
0.1015	1	0	14	7	10	3	1	1	12	0	19	1	0	12	52
0.1015	1	0	1	8	10	3	1	1	12	0	19	1	0	12	52
0.1015	1	0	2	9	10	3	1	1	12	0	19	1	0	12	52
0.1015	1	0	3	10	10	3	1	1	12	0	19	1	0	12	52
0.1015	1	0	4	11	10	3	1	1	12	0	19	1	0	12	52
0.1015	1	0	6	13	10	3	1	1	12	0	19	1	0	12	52
0.1615	1	0	5	12	16	3	1	1	12	0	19	1	0	12	52
0.1615	1	0	13	20	16	3	1	1	12	0	19	1	0	12	52
0.1615	1	0	12	19	16	3	1	1	12	0	19	1	0	12	52
0.1615	1	0	11	18	16	3	1	1	12	0	19	1	0	12	52
0.1615	1	0	10	17	16	3	1	1	12	0	19	1	0	12	52
0.1615	1	0	9	16	16	3	1	1	12	0	19	1	0	12	52
0.1615	1	0	8	15	16	3	1	1	12	0	19	1	0	12	52
0.1615	1	0	7	14	16	3	1	1	12	0	19	1	0	12	52
0.1615	1	0	20	1	16	3	1	1	12	0	19	1	0	12	52
0.1615	1	0	19	2	16	3	1	1	12	0	19	1	0	12	52
0.1615	1	0	18	3	16	3	1	1	12	0	19	1	0	12	52
0.1615	1	0	17	4	16	3	1	1	12	0	19	1	0	12	52
0.1615	1	0	16	5	16	3	1	1	12	0	19	1	0	12	52
0.1615	1	0	15	6	16	3	1	1	12	0	19	1	0	12	52
0.1615	1	0	14	7	16	3	1	1	12	0	19	1	0	12	52
0.1615	1	0	1	8	16	3	1	1	12	0	19	1	0	12	52
0.1615	1	0	2	9	16	3	1	1	12	0	19	1	0	12	52
0.1615	1	0	3	10	16	3	1	1	12	0	19	1	0	12	52
0.1615	1	0	4	11	16	3	1	1	12	0	19	1	0	12	52
0.1615	1	0	6	13	16	3	1	1	12	0	19	1	0	12	52
0.1715	1	0	5	12	17	3	1	1	12	0	19	1	0	12	52
0.1715	1	0	13	20	17	3	1	1	12	0	19	1	0	12	52
0.1715	1	0	12	19	17	3	1	1	12	0	19	1	0	12	52
0.1715	1	0	11	18	17	3	1	1	12	0	19	1	0	12	52
0.1715	1	0	10	17	17	3	1	1	12	0	19	1	0	12	52
0.1715	1	0	9	16	17	3	1	1	12	0	19	1	0	12	52
0.1715	1	0	8	15	17	3	1	1	12	0	19	1	0	12	52
0.1715	1	0	7	14	17	3	1	1	12	0	19	1	0	12	52
0.1715	1	0	20	1	17	3	1	1	12	0	19	1	0	12	52
0.1715	1	0	19	2	17	3	1	1	12	0	19	1	0	12	52
0.1715	1	0	18	3	17	3	1	1	12	0	19	1	0	12	52
0.1715	1	0	17	4	17	3	1	1	12	0	19	1	0	12	52
0.1715	1	0	16	5	17	3	1	1	12	0	19	1	0	12	52
0.1715	1	0	15	6	17	3	1	1	12	0	19	1	0	12	52
0.1715	1	0	14	7	17	3	1	1	12	0	19	1	0	12	52
0.1715	1	0	1	8	17	3	1	1	12	0	19	1	0	12	52
0.1715	1	0	2	9	17	3	1	1	12	0	19	1	0	12	52
0.1715	1	0	3	10	17	3	1	1	12	0	19	1	0	12	52
0.1715	1	0	4	11	17	3	1	1	12	0	19	1	0	12	52
0.1715	1	0	6	13	17	3	1	1	12	0	19	1	0	12	52
0.1815	1	0	5	12	18	3	1	1	12	0	19	1	0	12	52
0.1815	1	0	13	20	18	3	1	1	12	0	19	1	0	12	52
0.1815	1	0	12	19	18	3	1	1	12	0	19	1	0	12	52
0.1815	1	0	11	18	18	3	1	1	12	0	19	1	0	12	52
0.1815	1	0	10	17	18	3	1	1	12	0	19	1	0	12	52
0.1815	1	0	9	16	18	3	1	1	12	0	19	1	0	12	52
0.1815	1	0	8	15	18	3	1	1	12	0	19	1	0	12	52
0.1815	1	0	7	14	18	3	1	1	12	0	19	1	0	12	52
0.1815	1	0	20	1	18	3	1	1	12	0	19	1	0	12	52
0.1815	1	0	19	2	18	3	1	1	12	0	19	1	0	12	52
0.1815	1	0	18	3	18	3	1	1	12	0	19	1	0	12	52
0.1815	1	0	17	4	18	3	1	1	12	0	19	1	0	12	52
0.1815	1	0	16	5	18	3	1	1	12	0	19	1	0	12	52
0.1815	1	0	15	6	18	3	1	1	12	0	19	1	0	12	52
0.1815	1	0	14	7	18	3	1	1	12	0	19	1	0	12	52
0.1815	1	0	1	8	18	3	1	1	12	0	19	1	0	12	52
0.1815	1	0	2	9	18	3	1	1	12	0	19	1	0	12	52
0.1815	1	0	3	10	18	3	1	1	12	0	19	1	0	12	52
0.1815	1	0	4	11	18	3	1	1	12	0	19	1	0	12	52
0.1815	1	0	6	13	18	3	1	1	12	0	19	1	0	12	52
0.1915	1	0	5	12	19	3	1	1	12	0	19	1	0	12	52
0.1915	1	0	13	20	19	3	1	1	12	0	19	1	0	12	52
0.1915	1	0	12	19	19	3	1	1	12	0	19	1	0	12	52
0.1915	1	0	11	18	19	3	1	1	12	0	19	1	0	12	52
0.1915	1	0	10	17	19	3	1	1	12	0	19	1	0	12	52
0.1915	1	0	9	16	19	3	1	1	12	0	19	1	0	12	52
0.1915	1	0	8	15	19	3	1	1	12	0	19	1	0	12	52
0.1915	1	0	7	14	19	3	1	1	12	0	19	1	0	12	52
0.1915	1	0	20	1	19	3	1	1	12	0	19	1	0	12	52
0.1915	1	0	19	2	19	3	1	1	12	0	19	1	0	12	52
0.1915	1	0	18	3	19	3	1	1	12	0	19	1	0	12	52
0.1915	1	0	17	4	19	3	1	1	12	0	19	1	0	12	52
0.1915	1	0	16	5	19	3	1	1	12	0	19	1	0	12	52
0.1915	1	0	15	6	19	3	1	1	12	0	19	1	0	12	52
0.1915	1	0	14	7	19	3	1	1	12	0	19	1	0	12	52
0.1915	1	0	1	8	19	3	1	1	12	0	19	1	0	12	52
0.1915	1	0	2	9	19	3	1	1	12	0	19	1	0	12	52
0.1915	1	0	3	10	19	3	1	1	12	0	19	1	0	12	52
0.1915	1	0	4	11	19	3	1	1	12	0	19	1	0	12	52
0.1915	1	0	6	13	19	3	1	1	12	0	19	1	0	12	52
0.2015	1	0	5	12	20	3	1	1	12	0	19	1	0	12	52
0.2015	1	0	13	20	20	3	1	1	12	0	19	1	0	12	52
0.2015	1	0	12	19	20	3	1	1	12	0	19	1	0	12	52
0.2015	1	0	11	18	20	3	1	1	12	0	19	1	0	12	52
0.2015	1	0	10	17	20	3	1	1	12	0	19	1	0	12	52
0.2015	1	0	9	16	20	3	1	1	12	0	19	1	0	12	52
0.2015	1	0	8	15	20	3	1	1	12	0	19	1	0	12	52
0.2015	1	0	7	14	20	3	1	1	12	0	19	1	0	12	52
0.2015	1	0	20	1	20	3	1	1	12	0	19	1	0	12	52
0.2015	1	0	19	2	20	3	1	1	12	0	19	1	0	12	52
0.2015	1	0	18	3	20	3	1	1	12	0	19	1	0	12	52
0.2015	1	0	17	4	20	3	1	1	12	0	19	1	0	12	52
0.2015	1	0	16	5	20	3	1	1	12	0	19	1	0	12	52
0.2015	1	0	15	6	20	3	1	1	12	0	19	1	0	12	52
0.2015	1	0	14	7	20	3	1	1	12	0	19	1	0	12	52
0.2015	1	0	1	8	20	3	1	1	12	0	19	1	0	12	52
0.2015	1	0	2	9	20	3	1	1	12	0	19	1	0	12	52
0.2015	1	0	3	10	20	3	1	1	12	0	19	1	0	12	52
0.2015	1	0	4	11	20	3	1	1	12	0	19	1	0	12	52
0.2015	1	0	6	13	20	3	1	1	12	0	19	1	0	12	52
0.2115	1	0	5	12	21	3	1	1	12	0	19	1	0	12	52
0.2115	1	0	13	20	21	3	1	1	12	0	19	1	0	12	52
0.2115	1	0	12	19	21	3	1	1	12	0	19	1	0	12	52
0.2115	1	0	11	18	21	3	1	1	12	0	19	1	0	12	52
0.2115	1	0	10	17	21	3	1	1	12	0	19	1	0	12	52
0.2115	1	0	9	16	21	3	1	1	12	0	19	1	0	12	52
0.2115	1	0	8	15	21	3	1	1	12	0	19	1	0	12	52
0.2115	1	0	7	14	21	3	1	1	12	0	19	1	0	12	52
0.2115	1	0	20	1	21	3	1	1	12	0	19	1	0	12	52
0.2115	1	0	19	2	21	3	1	1	12	0	19	1	0	12	52
0.2115	1	0	18	3	21	3	1	1	12	0	19	1	0	12	52
0.2115	1	0	17	4	21	3	1	1	12	0	19	1	0	12	52
0.2115	1	0	16	5	21	3	1	1	12	0	19	1	0	12	52
0.2115	1	0	15	6	21	3	1	1	12	0	19	1	0	12	52
0.2115	1	0	14	7	21	3	1	1	12	0	19	1	0	12	52
0.2115	1	0	1	8	21	3	1	1	12	0	19	1	0	12	52
0.2115	1	0	2	9	21	3	1	1	12	0	19	1	0	12	52
0.2115	1	0	3	10	21	3	1	1	12	0	19	1	0	12	52
0.2115	1	0	4	11	21	3	1	1	12	0	19	1	0	12	52
0.2115	1	0	6	13	21	3	1	1	12	0	19	1	0	12	52
0.2215	1	0	5	12	22	3	1	1	12	0	19	1	0	12	52
0.2215	1	0	13	20	22	3	1	1	12	0	19	1	0	12	52
0.2215	1	0	12	19	22	3	1	1	12	0	19	1	0	12	52
0.2215	1	0	11	18	22	3	1	1	12	0	19	1	0	12	52
0.2215	1	0	10	17	22	3	1	1	12	0	19	1	0	12	52
0.2215	1	0	9	16	22	3	1	1	12	0	19	1	0	12	52
0.2215	1	0	8	15	22	3	1	1	12	0	19	1	0	12	52
0.2215	1	0	7	14	22	3	1	1	12	0	19	1	0	12	52
0.2215	1	0	20	1	22	3	1	1	12	0	19	1	0	12	52
0.2215	1	0	19	2	22	3	1	1	12	0	19	1	0	12	52
0.2215	1	0	18	3	22	3	1	1	12	0	19	1	0	12	52
0.2215	1	0	17	4	22	3	1	1	12	0	19	1	0	12	52
0.2215	1	0	16	5	22	3	1	1	12	0	19	1	0	12	52
0.2215	1	0	15	6	22	3	1	1	12	0	19	1	0	12	52
0.2215	1	0	14	7	22	3	1	1	12	0	19	1	0	12	52
0.2215	1	0	1	8	22	3	1	1	12	0	19	1	0	12	52
0.2215	1	0	2	9	22	3	1	1	12	0	19	1	0	12	52
0.2215	1	0	3	10	22	3	1	1	12	0	19	1	0	12	52
0.2215	1	0	4	11	22	3	1	1	12	0	19	1	0	12	52
0.2215	1	0	6	13	22	3	1	1	12	0	19	1	0	12	52
0.2315	1	0	5	12	23	3	1	1	12	0	19	1	0	12	52
0.2315	1	0	13	20	23	3	1	1	12	0	19	1	0	12	52
0.2315	1	0	12	19	23	3	1	1	12	0	19	1	0	12	52
0.2315	1	0	11	18	23	3	1	1	12	0	19	1	0	12	52
0.2315	1	0	10	17	23	3	1	1	12	0	19	1	0	12	52
0.2315	1	0	9	16	23	3	1	1	12	0	19	1	0	12	52
0.2315	1	0	8	15	23	3	1	1	12	0	19	1	0	12	52
0.2315	1	0	7	14	23	3	1	1	12	0	19	1	0	12	52
0.2315	1	0	20	1	23	3	1	1	12	0	19	1	0	12	52
0.2315	1	0	19	2	23	3	1	1	12	0	19	1	0	12	52
0.2315	1	0	18	3	23	3	1	1	12	0	19	1	0	12	52
0.2315	1	0	17	4	23	3	1	1	12	0	19	1	0	12	52
0.2315	1	0	16	5	23	3	1	1	12	0	19	1	0	12	52
0.2315	1	0	15	6	23	3	1	1	12	0	19	1	0	12	52
0.2315	1	0	14	7	23	3	1	1	12	0	19	1	0	12	52
0.2315	1	0	1	8	23	3	1	1	12	0	19	1	0	12	52
0.2315	1	0	2	9	23	3	1	1	12	0	19	1	0	12	52
0.2315	1	0	3	10	23	3	1	1	12	0	19	1	0	12	52
0.2315	1	0	4	11	23	3	1	1	12	0	19	1	0	12	52
0.2315	1	0	6	13	23	3	1	1	12	0	19	1	0	12	52
0.2415	1	0	5	12	24	3	1	1	12	0	19	1	0	12	52
0.2415	1	0	13	20	24	3	1	1	12	0	19	1	0	12	52
0.2415	1	0	12	19	24	3	1	1	12	0	19	1	0	12	52
0.2415	1	0	11	18	24	3	1	1	12	0	19	1	0	12	52
0.2415	1	0	10	17	24	3	1	1	12	0	19	1	0	12	52
0.2415	1	0	9	16	24	3	1	1	12	0	19	1	0	12	52
0.2415	1	0	8	15	24	3	1	1	12	0	19	1	0	12	52
0.2415	1	0	7	14	24	3	1	1	12	0	19	1	0	12	52
0.2415	1	0	20	1	24	3	1	1	12	0	19	1	0	12	52
0.2415	1	0	19	2	24	3	1	1	12	0	19	1	0	12	52
0.2415	1	0	18	3	24	3	1	1	12	0	19	1	0	12	52
0.2415	1	0	17	4	24	3	1	1	12	0	19	1	0	12	52
0.2415	1	0	16	5	24	3	1	1	12	0	19	1	0	12	52
0.2415	1	0	15	6	24	3	1	1	12	0	19	1	0	12	52
0.2415	1	0	14	7	24	3	1	1	12	0	19	1	0	12	52
0.2415	1	0	1	8	24	3	1	1	12	0	19	1	0	12	52
0.2415	1	0	2	9	24	3	1	1	12	0	19	1	0	12	52
0.2415	1	0	3	10	24	3	1	1	12	0	19	1	0	12	52
0.2415	1	0	4	11	24	3	1	1	12	0	19	1	0	12	52
0.2415	1	0	6	13	24	3	1	1	12	0	19	1	0	12	52
0.2515	1	0	5	12	25	3	1	1	12	0	19	1	0	12	52
0.2515	1	0	13	20	25	3	1	1	12	0	19	1	0	12	52
0.2515	1	0	12	19	25	3	1	1	12	0	19	1	0	12	52
0.2515	1	0	11	18	25	3	1	1	12	0	19	1	0	12	52
0.2515	1	0	10	17	25	3	1	1	12	0	19	1	0	12	52
0.2515	1	0	9	16	25	3	1	1	12	0	19	1	0	12	52
0.2515	1	0	8	15	25	3	1	1	12	0	19	1	0	12	52
0.2515	1	0	7	14	25	3	1	1	12	0	19	1	0	12	52
0.2515	1	0	20	1	25	3	1	1	12	0	19	1	0	12	52
0.2515	1	0	19	2	25	3	1	1	12	0	19	1	0	12	52
0.2515	1	0	18	3	25	3	1	1	12	0	19	1	0	12	52
0.2515	1	0	17	4	25	3	1	1	12	0	19	1	0	12	52
0.2515	1	0	16	5	25	3	1	1	12	0	19	1	0	12	52
0.2515	1	0	15	6	25	3	1	1	12	0	19	1	0	12	52
0.2515	1	0	14	7	25	3	1	1	12	0	19	1	0	12	52
0.2515	1	0	1	8	25	3	1	1	12	0	19	1	0	12	52
0.2515	1	0	2	9	25	3	1	1	12	0	19	1	0	12	52
0.2515	1	0	3	10	25	3	1	1	12	0	19	1	0	12	52
0.2515	1	0	4	11	25	3	1	1	12	0	19	1	0	12	52
0.2515	1	0	6	13	25	3	1	1	12	0	19	1	0	12	52
0.2615	1	0	5	12	26	3	1	1	12	0	19	1	0	12	52
0.2615	1	0	13	20	26	3	1	1	12	0	19	1	0	12	52
0.2615	1	0	12	19	26	3	1	1	12	0	19	1	0	12	52
0.2615	1	0	11	18	26	3	1	1	12	0	19	1	0	12	52
0.2615	1	0	10	17	26	3	1	1	12	0	19	1	0	12	52
0.2615	1	0	9	16	26	3	1	1	12	0	19	1	0	12	52
0.2615	1	0	8	15	26	3	1	1	12	0	19	1	0	12	52
0.2615	1	0	7	14	26	3	1	1	12	0	19	1	0	12	52
0.2615	1	0	20	1	26	3	1	1	12	0	19	1	0	12	52
0.2615	1	0	19	2	26	3	1	1	12	0	19	1	0	12	52
0.2615	1	0	18	3	26	3	1	1	12	0	19	1	0	12	52
0.2615	1	0	17	4	26	3	1	1	12	0	19	1	0	12	52
0.2615	1	0	16	5	26	3	1	1	12	0	19	1	0	12	52
0.2615	1	0	15	6	26	3	1	1	12	0	19	1	0	12	52
0.2615	1	0	14	7	26	3	1	1	12	0	19	1	0	12	52
0.2615	1	0	1	8	26	3	1	1	12	0	19	1	0	12	52
0.2615	1	0	2	9	26	3	1	1	12	0	19	1	0	12	52
0.2615	1	0	3	10	26	3	1	1	12	0	19	1	0	12	52
0.2615	1	0	4	11	26	3	1	1	12	0	19	1	0	12	52
0.2615	1	0	6	13	26	3	1	1	12	0	19	1	0	12	52
0.2715	1	0	5	12	27	3	1	1	12	0	19	1	0	12	52
0.2715	1	0	13	20	27	3	1	1	12	0	19	1	0	12	52
0.2715	1	0	12	19	27	3	1	1	12	0	19	1	0	12	52
0.2715	1	0	11	18	27	3	1	1	12	0	19	1	0	12	52
0.2715	1	0	10	17	27	3	1	1	12	0	19	1	0	12	52
0.2715	1	0	9	16	27	3	1	1	12	0	19	1	0	12	52
0.2715	1	0	8	15	27	3	1	1	12	0	19	1	0	12	52
0.2715	1	0	7	14	27	3	1	1	12	0	19	1	0	12	52
0.2715	1	0	20	1	27	3	1	1	12	0	19	1	0	12	52
0.2715	1	0	19	2	27	3	1	1	12	0	19	1	0	12	52
0.2715	1	0	18	3	27	3	1	1	12	0	19	1	0	12	52
0.2715	1	0	17	4	27	3	1	1	12	0	19	1	0	12	52
0.2715	1	0	16	5	27	3	1	1	12	0	19	1	0	12	52
0.2715	1	0	15	6	27	3	1	1	12	0	19	1	0	12	52
0.2715	1	0	14	7	27	3	1	1	12	0	19	1	0	12	52
0.2715	1	0	1	8	27	3	1	1	12	0	19	1	0	12	52
0.2715	1	0	2	9	27	3	1	1	12	0	19	1	0	12	52
0.2715	1	0	3	10	27	3	1	1	12	0	19	1	0	12	52
0.2715	1	0	4	11	27	3	1	1	12	0	19	1	0	12	52
0.2715	1	0	6	13	27	3	1	1	12	0	19	1	0	12	52
0.2815	1	0	5	12	28	3	1	1	12	0	19	1	0	12	52
0.2815	1	0	13	20	28	3	1	1	12	0	19	1	0	12	52
0.2815	1	0	12	19	28	3	1	1	12	0	19	1	0	12	52
0.2815	1	0	11	18	28	3	1	1	12	0	19	1	0	12	52
0.2815	1	0	10	17	28	3	1	1	12	0	19	1	0	12	52
0.2815	1	0	9	16	28	3	1	1	12	0	19	1	0	12	52
0.2815	1	0	8	15	28	3	1	1	12	0	19	1	0	12	52
0.2815	1	0	7	14	28	3	1	1	12	0	19	1	0	12	52
0.2815	1	0	20	1	28	3	1	1	12	0	19	1	0	12	52
0.2815	1	0	19	2	28	3	1	1	12	0	19	1	0	12	52
0.2815	1	0	18	3	28	3	1	1	12	0	19	1	0	12	52
0.2815	1	0	17	4	28	3	1	1	12	0	19	1	0	12	52
0.2815	1	0	16	5	28	3	1	1	12	0	19	1	0	12	52
0.2815	1	0	15	6	28	3	1	1	12	0	19	1	0	12	52
0.2815	1	0	14	7	28	3	1	1	12	0	19	1	0	12	52
0.2815	1	0	1	8	28	3	1	1	12	0	19	1	0	12	52
0.2815	1	0	2	9	28	3	1	1	12	0	19	1	0	12	52
0.2815	1	0	3	10	28	3	1	1	12	0	19	1	0	12	52
0.2815	1	0	4	11	28	3	1	1	12	0	19	1	0	12	52
0.2815	1	0	6	13	28	3	1	1	12	0	19	1	0	12	52
0.2915	1	0	5	12	29	3	1	1	12	0	19	1	0	12	52
0.2915	1	0	13	20	29	3	1	1	12	0	19	1	0	12	52
0.2915	1	0	12	19	29	3	1	1	12	0	19	1	0	12	52
0.2915	1	0	11	18	29	3	1	1	12	0	19	1	0	12	52
0.2915	1	0	10	17	29	3	1	1	12	0	19	1	0	12	52
0.2915	1	0	9	16	29	3	1	1	12	0	19	1	0	12	52
0.2915	1	0	8	15	29	3	1	1	12	0	19	1	0	12	52
0.2915	1	0	7	14	29	3	1	1	12	0	19	1	0	12	52
0.2915	1	0	20	1	29	3	1	1	12	0	19	1	0	12	52
0.2915	1	0	19	2	29	3	1	1	12	0	19	1	0	12	52
0.2915	1	0	18	3	29	3	1	1	12	0	19	1	0	12	52
0.2915	1	0	17	4	29	3	1	1	12	0	19	1	0	12	52
0.2915	1	0	16	5	29	3	1	1	12	0	19	1	0	12	52
0.2915	1	0	15	6	29	3	1	1	12	0	19	1	0	12	52
0.2915	1	0	14	7	29	3	1	1	12	0	19	1	0	12	52
0.2915	1	0	1	8	29	3	1	1	12	0	19	1	0	12	52
0.2915	1	0	2	9	29	3	1	1	12	0	19	1	0	12	52
0.2915	1	0	3	10	29	3	1	1	12	0	19	1	0	12	52
0.2915	1	0	4	11	29	3	1	1	12	0	19	1	0	12	52
0.2915	1	0	6	13	29	3	1	1	12	0	19	1	0	12	52
0.3015	1	0	5	12	30	3	1	1	12	0	19	1	0	12	52
0.3015	1	0	13	20	30	3	1	1	12	0	19	1	0	12	52
0.3015	1	0	12	19	30	3	1	1	12	0	19	1	0	12	52
0.3015	1	0	11	18	30	3	1	1	12	0	19	1	0	12	52
0.3015	1	0	10	17	30	3	1	1	12	0	19	1	0	12	52
0.3015	1	0	9	16	30	3	1	1	12	0	19	1	0	12	52
0.3015	1	0	8	15	30	3	1	1	12	0	19	1	0	12	52
0.3015	1	0	7	14	30	3	1	1	12	0	19	1	0	12	52
0.3015	1	0	20	1	30	3	1	1	12	0	19	1	0	12	52
0.3015	1	0	19	2	30	3	1	1	12	0	19	1	0	12	52
0.3015	1	0	18	3	30	3	1	1	12	0	19	1	0	12	52
0.3015	1	0	17	4	30	3	1	1	12	0	19	1	0	12	52
0.3015	1	0	16	5	30	3	1	1	12	0	19	1	0	12	52
0.3015	1	0	15	6	30	3	1	1	12	0	19	1	0	12	52
0.3015	1	0	14	7	30	3	1	1	12	0	19	1	0	12	52
0.3015	1	0	1	8	30	3	1	1	12	0	19	1	0	12	52
0.3015	1	0	2	9	30	3	1	1	12	0	19	1	0	12	52
0.3015	1	0	3	10	30	3	1	1	12	0	19	1	0	12	52
0.3015	1	0	4	11	30	3	1	1	12	0	19	1	0	12	52
0.3015	1	0	6	13	30	3	1	1	12	0	19	1	0	12	52
0.3115	1	0	5	12	31	3	1	1	12	0	19	1	0	12	52
0.3115	1	0	13	20	31	3	1	1	12	0	19	1	0	12	52
0.3115	1	0	12	19	31	3	1	1	12	0	19	1	0	12	52
0.3115	1	0	11	18	31	3	1	1	12	0	19	1	0	12	52
0.3115	1	0	10	17	31	3	1	1	12	0	19	1	0	12	52
0.3115	1	0	9	16	31	3	1	1	12	0	19	1	0	12	52
0.3115	1	0	8	15	31	3	1	1	12	0	19	1	0	12	52
0.3115	1	0	7	14	31	3	1	1	12	0	19	1	0	12	52
0.3115	1	0	20	1	31	3	1	1	12	0	19	1	0	12	52
0.3115	1	0	19	2	31	3	1	1	12	0	19	1	0	12	52
0.3115	1	0	18	3	31	3	1	1	12	0	19	1	0	12	52
0.3115	1	0	17	4	31	3	1	1	12	0	19	1	0	12	52
0.3115	1	0	16	5	31	3	1	1	12	0	19	1	0	12	52
0.3115	1	0	15	6	31	3	1	1	12	0	19	1	0	12	52
0.3115	1	0	14	7	31	3	1	1	12	0	19	1	0	12	52
0.3115	1	0	1	8	31	3	1	1	12	0	19	1	0	12	52
0.3115	1	0	2	9	31	3	1	1	12	0	19	1	0	12	52
0.3115	1	0	3	10	31	3	1	1	12	0	19	1	0	12	52
0.3115	1	0	4	11	31	3	1	1	12	0	19	1	0	12	52
0.3115	1	0	6	13	31	3	1	1	12	0	19	1	0	12	52
0.3215	1	0	5	12	32	3	1	1	12	0	19	1	0	12	52
0.3215	1	0	13	20	32	3	1	1	12	0	19	1	0	12	52
0.3215	1	0	12	19	32	3	1	1	12	0	19	1	0	12	52
0.3215	1	0	11	18	32	3	1	1	12	0	19	1	0	12	52
0.3215	1	0	10	17	32	3	1	1	12	0	19	1	0	12	52
0.3215	1	0	9	16	32	3	1	1	12	0	19	1	0	12	52
0.3215	1	0	8	15	32	3	1	1	12	0	19	1	0	12	52
0.3215	1	0	7	14	32	3	1	1	12	0	19	1	0	12	52
0.3215	1	0	20	1	32	3	1	1	12	0	19	1	0	12	52
0.3215	1	0	19	2	32	3	1	1	12	0	19	1	0	12	52
0.3215	1	0	18	3	32	3	1	1	12	0	19	1	0	12	52
0.3215	1	0	17	4	32	3	1	1	12	0	19	1	0	12	52
0.3215	1	0	16	5	32	3	1	1	12	0	19	1	0	12	52
0.3215	1	0	15	6	32	3	1	1	12	0	19	1	0	12	52
0.3215	1	0	14	7	32	3	1	1	12	0	19	1	0	12	52
0.3215	1	0	1	8	32	3	1	1	12	0	19	1	0	12	52
0.3215	1	0	2	9	32	3	1	1	12	0	19	1	0	12	52
0.3215	1	0	3	10	32	3	1	1	12	0	19	1	0	12	52
0.3215	1	0	4	11	32	3	1	1	12	0	19	1	0	12	52
0.3215	1	0	6	13	32	3	1	1	12	0	19	1	0	12	52
0.3315	1	0	5	12	33	3	1	1	12	0	19	1	0	12	52
0.3315	1	0	13	20	33	3	1	1	12	0	19	1	0	12	52
0.3315	1	0	12	19	33	3	1	1	12	0	19	1	0	12	52
0.3315	1	0	11	18	33	3	1	1	12	0	19	1	0	12	52
0.3315	1	0	10	17	33	3	1	1	12	0	19	1	0	12	52
0.3315	1	0	9	16	33	3	1	1	12	0	19	1	0	12	52
0.3315	1	0	8	15	33	3	1	1	12	0	19	1	0	12	52
0.3315	1	0	7	14	33	3	1	1	12	0	19	1	0	12	52
0.3315	1	0	20	1	33	3	1	1	12	0	19	1	0	12	52
0.3315	1	0	19	2	33	3	1	1	12	0	19	1	0	12	52
0.3315	1	0	18	3	33	3	1	1	12	0	19	1	0	12	52
0.3315	1	0	17	4	33	3	1	1	12	0	19	1	0	12	52
0.3315	1	0	16	5	33	3	1	1	12	0	19	1	0	12	52
0.3315	1	0	15	6	33	3	1	1	12	0	19	1	0	12	52
0.3315	1	0	14	7	33	3	1	1	12	0	19	1	0	12	52
0.3315	1	0	1	8	33	3	1	1	12	0	19	1	0	12	52
0.3315	1	0	2	9	33	3	1	1	12	0	19	1	0	12	52
0.3315	1	0	3	10	33	3	1	1	12	0	19	1	0	12	52
0.3315	1	0	4	11	33	3	1	1	12	0	19	1	0	12	52
0.3315	1	0	6	13	33	3	1	1	12	0	19	1	0	12	52
0.3415	1	0	5	12	34	3	1	1	12	0	19	1	0	12	52
0.3415	1	0	13	20	34	3	1	1	12	0	19	1	0	12	52
0.3415	1	0	12	19	34	3	1	1	12	0	19	1	0	12	52
0.3415	1	0	11	18	34	3	1	1	12	0	19	1	0	12	52
0.3415	1	0	10	17	34	3	1	1	12	0	19	1	0	12	52
0.3415	1	0	9	16	34	3	1	1	12	0	19	1	0	12	52
0.3415	1	0	8	15	34	3	1	1	12	0	19	1	0	12	52
0.3415	1	0	7	14	34	3	1	1	12	0	19	1	0	12	52
0.3415	1	0	20	1	34	3	1	1	12	0	19	1	0	12	52
0.3415	1	0	19	2	34	3	1	1	12	0	19	1	0	12	52
0.3415	1	0	18	3	34	3	1	1	12	0	19	1	0	12	52
0.3415	1	0	17	4	34	3	1	1	12	0	19	1	0	12	52
0.3415	1	0	16	5	34	3	1	1	12	0	19	1	0	12	52
0.3415	1	0	15	6	34	3	1	1	12	0	19	1	0	12	52
0.3415	1	0	14	7	34	3	1	1	12	0	19	1	0	12	52
0.3415	1	0	1	8	34	3	1	1	12	0	19	1	0	12	52
0.3415	1	0	2	9	34	3	1	1	12	0	19	1	0	12	52
0.3415	1	0	3	10	34	3	1	1	12	0	19	1	0	12	52
0.3415	1	0	4	11	34	3	1	1	12	0	19	1	0	12	52
0.3415	1	0	6	13	34	3	1	1	12	0	19	1	0	12	52
0.3515	1	0	5	12	35	3	1	1	12	0	19	1	0	12	52
0.3515	1	0	13	20	35	3	1	1	12	0	19	1	0	12	52
0.3515	1	0	12	19	35	3	1	1	12	0	19	1	0	12	52
0.3515	1	0	11	18	35	3	1	1	12	0	19	1	0	12	52
0.3515	1	0	10	17	35	3	1	1	12	0	19	1	0	12	52
0.3515	1	0	9	16	35	3	1	1	12	0	19	1	0	12	52
0.3515	1	0	8	15	35	3	1	1	12	0	19	1	0	12	52
0.3515	1	0	7	14	35	3	1	1	12	0	19	1	0	12	52
0.3515	1	0	20	1	35	3	1	1	12	0	19	1	0	12	52
0.3515	1	0	19	2	35	3	1	1	12	0	19	1	0	12	52
0.3515	1	0	18	3	35	3	1	1	12	0	19	1	0	12	52
0.3515	1	0	17	4	35	3	1	1	12	0	19	1	0	12	52
0.3515	1	0	16	5	35	3	1	1	12	0	19	1	0	12	52
0.3515	1	0	15	6	35	3	1	1	12	0	19	1	0	12	52
0.3515	1	0	14	7	35	3	1	1	12	0	19	1	0	12	52
0.3515	1	0	1	8	35	3	1	1	12	0	19	1	0	12	52
0.3515	1	0	2	9	35	3	1	1	12	0	19	1	0	12	52
0.3515	1	0	3	10	35	3	1	1	12	0	19	1	0	12	52
0.3515	1	0	4	11	35	3	1	1	12	0	19	1	0	12	52
0.3515	1	0	6	13	35	3	1	1	12	0	19	1	0	12	52
0.3615	1	0	5	12	36	3	1	1	12	0	19	1	0	12	52
0.3615	1	0	13	20	36	3	1	1	12	0	19	1	0	12	52
0.3615	1	0	12	19	36	3	1	1	12	0	19	1	0	12	52
0.3615	1	0	11	18	36	3	1	1	12	0	19	1	0	12	52
0.3615	1	0	10	17	36	3	1	1	12	0	19	1	0	12	52
0.3615	1	0	9	16	36	3	1	1	12	0	19	1	0	12	52
0.3615	1	0	8	15	36	3	1	1	12	0	19	1	0	12	52
0.3615	1	0	7	14	36	3	1	1	12	0	19	1	0	12	52
0.3615	1	0	20	1	36	3	1	1	12	0	19	1	0	12	52
0.3615	1	0	19	2	36	3	1	1	12	0	19	1	0	12	52
0.3615	1	0	18	3	36	3	1	1	12	0	19	1	0	12	52
0.3615	1	0	17	4	36	3	1	1	12	0	19	1	0	12	52
0.3615	1	0	16	5	36	3	1	1	12	0	19	1	0	12	52
0.3615	1	0	15	6	36	3	1	1	12	0	19	1	0	12	52
0.3615	1	0	14	7	36	3	1	1	12	0	19	1	0	12	52
0.3615	1	0	1	8	36	3	1	1	12	0	19	1	0	12	52
0.3615	1	0	2	9	36	3	1	1	12	0	19	1	0	12	52
0.3615	1	0	3	10	36	3	1	1	12	0	19	1	0	12	52
0.3615	1	0	4	11	36	3	1	1	12	0	19	1	0	12	52
0.3615	1	0	6	13	36	3	1	1	12	0	19	1	0	12	52
0.3715	1	0	5	12	37	3	1	1	12	0	19	1	0	12	52
0.3715	1	0	13	20	37	3	1	1	12	0	19	1	0	12	52
0.3715	1	0	12	19	37	3	1	1	12	0	19	1	0	12	52
0.3715	1	0	11	18	37	3	1	1	12	0	19	1	0	12	52
0.3715	1	0	10	17	37	3	1	1	12	0	19	1	0	12	52
0.3715	1	0	9	16	37	3	1	1	12	0	19	1	0	12	52
0.3715	1	0	8	15	37	3	1	1	12	0	19	1	0	12	52
0.3715	1	0	7	14	37	3	1	1	12	0	19	1	0	12	52
0.3715	1	0	20	1	37	3	1	1	12	0	19	1	0	12	52
0.3715	1	0	19	2	37	3	1	1	12	0	19	1	0	12	52
0.3715	1	0	18	3	37	3	1	1	12	0	19	1	0	12	52
0.3715	1	0	17	4	37	3	1	1	12	0	19	1	0	12	52
0.3715	1	0	16	5	37	3	1	1	12	0	19	1	0	12	52
0.3715	1	0	15	6	37	3	1	1	12	0	19	1	0	12	52
0.3715	1	0	14	7	37	3	1	1	12	0	19	1	0	12	52
0.3715	1	0	1	8	37	3	1	1	12	0	19	1	0	12	52
0.3715	1	0	2	9	37	3	1	1	12	0	19	1	0	12	52
0.3715	1	0	3	10	37	3	1	1	12	0	19	1	0	12	52
0.3715	1	0	4	11	37	3	1	1	12	0	19	1	0	12	52
0.3715	1	0	6	13	37	3	1	1	12	0	19	1	0	12	52
0.3815	1	0	5	12	38	3	1	1	12	0	19	1	0	12	52
0.3815	1	0	13	20	38	3	1	1	12	0	19	1	0	12	52
0.3815	1	0	12	19	38	3	1	1	12	0	19	1	0	12	52
0.3815	1	0	11	18	38	3	1	1	12	0	19	1	0	12	52
0.3815	1	0	10	17	38	3	1	1	12	0	19	1	0	12	52
0.3815	1	0	9	16	38	3	1	1	12	0	19	1	0	12	52
0.3815	1	0	8	15	38	3	1	1	12	0	19	1	0	12	52
0.3815	1	0	7	14	38	3	1	1	12	0	19	1	0	12	52
0.3815	1	0	20	1	38	3	1	1	12	0	19	1	0	12	52
0.3815	1	0	19	2	38	3	1	1	12	0	19	1	0	12	52
0.3815	1	0	18	3	38	3	1	1	12	0	19	1	0	12	52
0.3815	1	0	17	4	38	3	1	1	12	0	19	1	0	12	52
0.3815	1	0	16	5	38	3	1	1	12	0	19	1	0	12	52
0.3815	1	0	15	6	38	3	1	1	12	0	19	1	0	12	52
0.3815	1	0	14	7	38	3	1	1	12	0	19	1	0	12	52
0.3815	1	0	1	8	38	3	1	1	12	0	19	1	0	12	52
0.3815	1	0	2	9	38	3	1	1	12	0	19	1	0	12	52
0.3815	1	0	3	10	38	3	1	1	12	0	19	1	0	12	52
0.3815	1	0	4	11	38	3	1	1	12	0	19	1	0	12	52
0.3815	1	0	6	13	38	3	1	1	12	0	19	1	0	12	52
0.3915	1	0	5	12	39	3	1	1	12	0	19	1	0	12	52
0.3915	1	0	13	20	39	3	1	1	12	0	19	1	0	12	52
0.3915	1	0	12	19	39	3	1	1	12	0	19	1	0	12	52
0.3915	1	0	11	18	39	3	1	1	12	0	19	1	0	12	52
0.3915	1	0	10	17	39	3	1	1	12	0	19	1	0	12	52
0.3915	1	0	9	16	39	3	1	1	12	0	19	1	0	12	52
0.3915	1	0	8	15	39	3	1	1	12	0	19	1	0	12	52
0.3915	1	0	7	14	39	3	1	1	12	0	19	1	0	12	52
0.3915	1	0	20	1	39	3	1	1	12	0	19	1	0	12	52
0.3915	1	0	19	2	39	3	1	1	12	0	19	1	0	12	52
0.3915	1	0	18	3	39	3	1	1	12	0	19	1	0	12	52
0.3915	1	0	17	4	39	3	1	1	12	0	19	1	0	12	52
0.3915	1	0	16	5	39	3	1	1	12	0	19	1	0	12	52
0.3915	1	0	15	6	39	3	1	1	12	0	19	1	0	12	52
0.3915	1	0	14	7	39	3	1	1	12	0	19	1	0	12	52
0.3915	1	0	1	8	39	3	1	1	12	0	19	1	0	12	52
0.3915	1	0	2	9	39	3	1	1	12	0	19	1	0	12	52
0.3915	1	0	3	10	39	3	1	1	12	0	19	1	0	12	52
0.3915	1	0	4	11	39	3	1	1	12	0	19	1	0	12	52
0.3915	1	0	6	13	39	3	1	1	12	0	19	1	0	12	52
0.4015	1	0	5	12	40	3	1	1	12	0	19	1	0	12	52
0.4015	1	0	13	20	40	3	1	1	12	0	19	1	0	12	52
0.4015	1	0	12	19	40	3	1	1	12	0	19	1	0	12	52
0.4015	1	0	11	18	40	3	1	1	12	0	19	1	0	12	52
0.4015	1	0	10	17	40	3	1	1	12	0	19	1	0	12	52
0.4015	1	0	9	16	40	3	1	1	12	0	19	1	0	12	52
0.4015	1	0	8	15	40	3	1	1	12	0	19	1	0	12	52
0.4015	1	0	7	14	40	3	1	1	12	0	19	1	0	12	52
0.4015	1	0	20	1	40	3	1	1	12	0	19	1	0	12	52
0.4015	1	0	19	2	40	3	1	1	12	0	19	1	0	12	52
0.4015	1	0	18	3	40	3	1	1	12	0	19	1	0	12	52
0.4015	1	0	17	4	40	3	1	1	12	0	19	1	0	12	52
0.4015	1	0	16	5	40	3	1	1	12	0	19	1	0	12	52
0.4015	1	0	15	6	40	3	1	1	12	0	19	1	0	12	52
0.4015	1	0	14	7	40	3	1	1	12	0	19	1	0	12	52
0.4015	1	0	1	8	40	3	1	1	12	0	19	1	0	12	52
0.4015	1	0	2	9	40	3	1	1	12	0	19	1	0	12	52
0.4015	1	0	3	10	40	3	1	1	12	0	19	1	0	12	52
0.4015	1	0	4	11	40	3	1	1	12	0	19	1	0	12	52
0.4015	1	0	6	13	40	3	1	1	12	0	19	1	0	12	52
0.4115	1	0	5	12	41	3	1	1	12	0	19	1	0	12	52
0.4115	1	0	13	20	41	3	1	1	12	0	19	1	0	12	52
0.4115	1	0	12	19	41	3	1	1	12	0	19	1	0	12	52
0.4115	1	0	11	18	41	3	1	1	12	0	19	1	0	12	52
0.4115	1	0	10	17	41	3	1	1	12	0	19	1	0	12	52
0.4115	1	0	9	16	41	3	1	1	12	0	19	1	0	12	52
0.4115	1	0	8	15	41	3	1	1	12	0	19	1	0	12	52
0.4115	1	0	7	14	41	3	1	1	12	0	19	1	0	12	52
0.4115	1	0	20	1	41	3	1	1	12	0	19	1	0	12	52
0.4115	1	0	19	2	41	3	1	1	12	0	19	1	0	12	52
0.4115	1	0	18	3	41	3	1	1	12	0	19	1	0	12	52
0.4115	1	0	17	4	41	3	1	1	12	0	19	1	0	12	52
0.4115	1	0	16	5	41	3	1	1	12	0	19	1	0	12	52
0.4115	1	0	15	6	41	3	1	1	12	0	19	1	0	12	52
0.4115	1	0	14	7	41	3	1	1	12	0	19	1	0	12	52
0.4115	1	0	1	8	41	3	1	1	12	0	19	1	0	12	52
0.4115	1	0	2	9	41	3	1	1	12	0	19	1	0	12	52
0.4115	1	0	3	10	41	3	1	1	12	0	19	1	0	12	52
0.4115	1	0	4	11	41	3	1	1	12	0	19	1	0	12	52
0.4115	1	0	6	13	41	3	1	1	12	0	19	1	0	12	52
0.4215	1	0	5	12	42	3	1	1	12	0	19	1	0	12	52
0.4215	1	0	13	20	42	3	1	1	12	0	19	1	0	12	52
0.4215	1	0	12	19	42	3	1	1	12	0	19	1	0	12	52
0.4215	1	0	11	18	42	3	1	1	12	0	19	1	0	12	52
0.4215	1	0	10	17	42	3	1	1	12	0	19	1	0	12	52
0.4215	1	0	9	16	42	3	1	1	12	0	19	1	0	12	52
0.4215	1	0	8	15	42	3	1	1	12	0	19	1	0	12	52
0.4215	1	0	7	14	42	3	1	1	12	0	19	1	0	12	52
0.4215	1	0	20	1	42	3	1	1	12	0	19	1	0	12	52
0.4215	1	0	19	2	42	3	1	1	12	0	19	1	0	12	52
0.4215	1	0	18	3	42	3	1	1	12	0	19	1	0	12	52
0.4215	1	0	17	4	42	3	1	1	12	0	19	1	0	12	52
0.4215	1	0	16	5	42	3	1	1	12	0	19	1	0	12	52
0.4215	1	0	15	6	42	3	1	1	12	0	19	1	0	12	52
0.4215	1	0	14	7	42	3	1	1	12	0	19	1	0	12	52
0.4215	1	0	1	8	42	3	1	1	12	0	19	1	0	12	52
0.4215	1	0	2	9	42	3	1	1	12	0	19	1	0	12	52
0.4215	1	0	3	10	42	3	1	1	12	0	19	1	0	12	52
0.4215	1	0	4	11	42	3	1	1	12	0	19	1	0	12	52
0.4215	1	0	6	13	42	3	1	1	12	0	19	1	0	12	52
0.4315	1	0	5	12	43	3	1	1	12	0	19	1	0	12	52
0.4315	1	0	13	20	43	3	1	1	12	0	19	1	0	12	52
0.4315	1	0	12	19	43	3	1	1	12	0	19	1	0	12	52
0.4315	1	0	11	18	43	3	1	1	12	0	19	1	0	12	52
0.4315	1	0	10	17	43	3	1	1	12	0	19	1	0	12	52
0.4315	1	0	9	16	43	3	1	1	12	0	19	1	0	12	52
0.4315	1	0	8	15	43	3	1	1	12	0	19	1	0	12	52
0.4315	1	0	7	14	43	3	1	1	12	0	19	1	0	12	52
0.4315	1	0	20	1	43	3	1	1	12	0	19	1	0	12	52
0.4315	1	0	19	2	43	3	1	1	12	0	19	1	0	12	52
0.4315	1	0	18	3	43	3	1	1	12	0	19	1	0	12	52
0.4315	1	0	17	4	43	3	1	1	12	0	19	1	0	12	52
0.4315	1	0	16	5	43	3	1	1	12	0	19	1	0	12	52
0.4315	1	0	15	6	43	3	1	1	12	0	19	1	0	12	52
0.4315	1	0	14	7	43	3	1	1	12	0	19	1	0	12	52
0.4315	1	0	1	8	43	3	1	1	12	0	19	1	0	12	52
0.4315	1	0	2	9	43	3	1	1	12	0	19	1	0	12	52
0.4315	1	0	3	10	43	3	1	1	12	0	19	1	0	12	52
0.4315	1	0	4	11	43	3	1	1	12	0	19	1	0	12	52
0.4315	1	0	6	13	43	3	1	1	12	0	19	1	0	12	52
0.4415	1	0	5	12	44	3	1	1	12	0	19	1	0	12	52
0.4415	1	0	13	20	44	3	1	1	12	0	19	1	0	12	52
0.4415	1	0	12	19	44	3	1	1	12	0	19	1	0	12	52
0.4415	1	0	11	18	44	3	1	1	12	0	19	1	0	12	52
0.4415	1	0	10	17	44	3	1	1	12	0	19	1	0	12	52
0.4415	1	0	9	16	44	3	1	1	12	0	19	1	0	12	52
0.4415	1	0	8	15	44	3	1	1	12	0	19	1	0	12	52
0.4415	1	0	7	14	44	3	1	1	12	0	19	1	0	12	52
0.4415	1	0	20	1	44	3	1	1	12	0	19	1	0	12	52
0.4415	1	0	19	2	44	3	1	1	12	0	19	1	0	12	52
0.4415	1	0	18	3	44	3	1	1	12	0	19	1	0	12	52
0.4415	1	0	17	4	44	3	1	1	12	0	19	1	0	12	52
0.4415	1	0	16	5	44	3	1	1	12	0	19	1	0	12	52
0.4415	1	0	15	6	44	3	1	1	12	0	19	1	0	12	52
0.4415	1	0	14	7	44	3	1	1	12	0	19	1	0	12	52
0.4415	1	0	1	8	44	3	1	1	12	0	19	1	0	12	52
0.4415	1	0	2	9	44	3	1	1	12	0	19	1	0	12	52
0.4415	1	0	3	10	44	3	1	1	12	0	19	1	0	12	52
0.4415	1	0	4	11	44	3	1	1	12	0	19	1	0	12	52
0.4415	1	0	6	13	44	3	1	1	12	0	19	1	0	12	52
0.4515	1	0	5	12	45	3	1	1	12	0	19	1	0	12	52
0.4515	1	0	13	20	45	3	1	1	12	0	19	1	0	12	52
0.4515	1	0	12	19	45	3	1	1	12	0	19	1	0	12	52
0.4515	1	0	11	18	45	3	1	1	12	0	19	1	0	12	52
0.4515	1	0	10	17	45	3	1	1	12	0	19	1	0	12	52
0.4515	1	0	9	16	45	3	1	1	12	0	19	1	0	12	52
0.4515	1	0	8	15	45	3	1	1	12	0	19	1	0	12	52
0.4515	1	0	7	14	45	3	1	1	12	0	19	1	0	12	52
0.4515	1	0	20	1	45	3	1	1	12	0	19	1	0	12	52
0.4515	1	0	19	2	45	3	1	1	12	0	19	1	0	12	52
0.4515	1	0	18	3	45	3	1	1	12	0	19	1	0	12	52
0.4515	1	0	17	4	45	3	1	1	12	0	19	1	0	12	52
0.4515	1	0	16	5	45	3	1	1	12	0	19	1	0	12	52
0.4515	1	0	15	6	45	3	1	1	12	0	19	1	0	12	52
0.4515	1	0	14	7	45	3	1	1	12	0	19	1	0	12	52
0.4515	1	0	1	8	45	3	1	1	12	0	19	1	0	12	52
0.4515	1	0	2	9	45	3	1	1	12	0	19	1	0	12	52
0.4515	1	0	3	10	45	3	1	1	12	0	19	1	0	12	52
0.4515	1	0	4	11	45	3	1	1	12	0	19	1	0	12	52
0.4515	1	0	6	13	45	3	1	1	12	0	19	1	0	12	52
0.4615	1	0	5	12	46	3	1	1	12	0	19	1	0	12	52
0.4615	1	0	13	20	46	3	1	1	12	0	19	1	0	12	52
0.4615	1	0	12	19	46	3	1	1	12	0	19	1	0	12	52
0.4615	1	0	11	18	46	3	1	1	12	0	19	1	0	12	52
0.4615	1	0	10	17	46	3	1	1	12	0	19	1	0	12	52
0.4615	1	0	9	16	46	3	1	1	12	0	19	1	0	12	52
0.4615	1	0	8	15	46	3	1	1	12	0	19	1	0	12	52
0.4615	1	0	7	14	46	3	1	1	12	0	19	1	0	12	52
0.4615	1	0	20	1	46	3	1	1	12	0	19	1	0	12	52
0.4615	1	0	19	2	46	3	1	1	12	0	19	1	0	12	52
0.4615	1	0	18	3	46	3	1	1	12	0	19	1	0	12	52
0.4615	1	0	17	4	46	3	1	1	12	0	19	1	0	12	52
0.4615	1	0	16	5	46	3	1	1	12	0	19	1	0	12	52
0.4615	1	0	15	6	46	3	1	1	12	0	19	1	0	12	52
0.4615	1	0	14	7	46	3	1	1	12	0	19	1	0	12	52
0.4615	1	0	1	8	46	3	1	1	12	0	19	1	0	12	52
0.4615	1	0	2	9	46	3	1	1	12	0	19	1	0	12	52
0.4615	1	0	3	10	46	3	1	1	12	0	19	1	0	12	52
0.4615	1	0	4	11	46	3	1	1	12	0	19	1	0	12	52
0.4615	1	0	6	13	46	3	1	1	12	0	19	1	0	12	52
0.4715	1	0	5	12	47	3	1	1	12	0	19	1	0	12	52
0.4715	1	0	13	20	47	3	1	1	12	0	19	1	0	12	52
0.4715	1	0	12	19	47	3	1	1	12	0	19	1	0	12	52
0.4715	1	0	11	18	47	3	1	1	12	0	19	1	0	12	52
0.4715	1	0	10	17	47	3	1	1	12	0	19	1	0	12	52
0.4715	1	0	9	16	47	3	1	1	12	0	19	1	0	12	52
0.4715	1	0	8	15	47	3	1	1	12	0	19	1	0	12	52
0.4715	1	0	7	14	47	3	1	1	12	0	19	1	0	12	52
0.4715	1	0	20	1	47	3	1	1	12	0	19	1	0	12	52
0.4715	1	0	19	2	47	3	1	1	12	0	19	1	0	12	52
0.4715	1	0	18	3	47	3	1	1	12	0	19	1	0	12	52
0.4715	1	0	17	4	47	3	1	1	12	0	19	1	0	12	52
0.4715	1	0	16	5	47	3	1	1	12	0	19	1	0	12	52
0.4715	1	0	15	6	47	3	1	1	12	0	19	1	0	12	52
0.4715	1	0	14	7	47	3	1	1	12	0	19	1	0	12	52
0.4715	1	0	1	8	47	3	1	1	12	0	19	1	0	12	52
0.4715	1	0	2	9	47	3	1	1	12	0	19	1	0	12	52
0.4715	1	0	3	10	47	3	1	1	12	0	19	1	0	12	52
0.4715	1	0	4	11	47	3	1	1	12	0	19	1	0	12	52
0.4715	1	0	6	13	47	3	1	1	12	0	19	1	0	12	52
0.4815	1	0	5	12	48	3	1	1	12	0	19	1	0	12	52
0.4815	1	0	13	20	48	3	1	1	12	0	19	1	0	12	52
0.4815	1	0	12	19	48	3	1	1	12	0	19	1	0	12	52
0.4815	1	0	11	18	48	3	1	1	12	0	19	1	0	12	52
0.4815	1	0	10	17	48	3	1	1	12	0	19	1	0	12	52
0.4815	1	0	9	16	48	3	1	1	12	0	19	1	0	12	52
0.4815	1	0	8	15	48	3	1	1	12	0	19	1	0	12	52
0.4815	1	0	7	14	48	3	1	1	12	0	19	1	0	12	52
0.4815	1	0	20	1	48	3	1	1	12	0	19	1	0	12	52
0.4815	1	0	19	2	48	3	1	1	12	0	19	1	0	12	52
0.4815	1	0	18	3	48	3	1	1	12	0	19	1	0	12	52
0.4815	1	0	17	4	48	3	1	1	12	0	19	1	0	12	52
0.4815	1	0	16	5	48	3	1	1	12	0	19	1	0	12	52
0.4815	1	0	15	6	48	3	1	1	12	0	19	1	0	12	52
0.4815	1	0	14	7	48	3	1	1	12	0	19	1	0	12	52
0.4815	1	0	1	8	48	3	1	1	12	0	19	1	0	12	52
0.4815	1	0	2	9	48	3	1	1	12	0	19	1	0	12	52
0.4815	1	0	3	10	48	3	1	1	12	0	19	1	0	12	52
0.4815	1	0	4	11	48	3	1	1	12	0	19	1	0	12	52
0.4815	1	0	6	13	48	3	1	1	12	0	19	1	0	12	52
0.4915	1	0	5	12	49	3	1	1	12	0	19	1	0	12	52
0.4915	1	0	13	20	49	3	1	1	12	0	19	1	0	12	52
0.4915	1	0	12	19	49	3	1	1	12	0	19	1	0	12	52
0.4915	1	0	11	18	49	3	1	1	12	0	19	1	0	12	52
0.4915	1	0	10	17	49	3	1	1	12	0	19	1	0	12	52
0.4915	1	0	9	16	49	3	1	1	12	0	19	1	0	12	52
0.4915	1	0	8	15	49	3	1	1	12	0	19	1	0	12	52
0.4915	1	0	7	14	49	3	1	1	12	0	19	1	0	12	52
0.4915	1	0	20	1	49	3	1	1	12	0	19	1	0	12	52
0.4915	1	0	19	2	49	3	1	1	12	0	19	1	0	12	52
0.4915	1	0	18	3	49	3	1	1	12	0	19	1	0	12	52
0.4915	1	0	17	4	49	3	1	1	12	0	19	1	0	12	52
0.4915	1	0	16	5	49	3	1	1	12	0	19	1	0	12	52
0.4915	1	0	15	6	49	3	1	1	12	0	19	1	0	12	52
0.4915	1	0	14	7	49	3	1	1	12	0	19	1	0	12	52
0.4915	1	0	1	8	49	3	1	1	12	0	19	1	0	12	52
0.4915	1	0	2	9	49	3	1	1	12	0	19	1	0	12	52
0.4915	1	0	3	10	49	3	1	1	12	0	19	1	0	12	52
0.4915	1	0	4	11	49	3	1	1	12	0	19	1	0	12	52
0.4915	1	0	6	13	49	3	1	1	12	0	19	1	0	12	52
0.5015	1	0	5	12	50	3	1	1	12	0	19	1	0	12	52
0.5015	1	0	13	20	50	3	1	1	12	0	19	1	0	12	52
0.5015	1	0	12	19	50	3	1	1	12	0	19	1	0	12	52
0.5015	1	0	11	18	50	3	1	1	12	0	19	1	0	12	52
0.5015	1	0	10	17	50	3	1	1	12	0	19	1	0	12	52
0.5015	1	0	9	16	50	3	1	1	12	0	19	1	0	12	52
0.5015	1	0	8	15	50	3	1	1	12	0	19	1	0	12	52
0.5015	1	0	7	14	50	3	1	1	12	0	19	1	0	12	52
0.5015	1	0	20	1	50	3	1	1	12	0	19	1	0	12	52
0.5015	1	0	19	2	50	3	1	1	12	0	19	1	0	12	52
0.5015	1	0	18	3	50	3	1	1	12	0	19	1	0	12	52
0.5015	1	0	17	4	50	3	1	1	12	0	19	1	0	12	52
0.5015	1	0	16	5	50	3	1	1	12	0	19	1	0	12	52
0.5015	1	0	15	6	50	3	1	1	12	0	19	1	0	12	52
0.5015	1	0	14	7	50	3	1	1	12	0	19	1	0	12	52
0.5015	1	0	1	8	50	3	1	1	12	0	19	1	0	12	52
0.5015	1	0	2	9	50	3	1	1	12	0	19	1	0	12	52
0.5015	1	0	3	10	50	3	1	1	12	0	19	1	0	12	52
0.5015	1	0	4	11	50	3	1	1	12	0	19	1	0	12	52
0.5015	1	0	6	13	50	3	1	1	12	0	19	1	0	12	52
0.5115	1	0	5	12	51	3	1	1	12	0	19	1	0	12	52
0.5115	1	0	13	20	51	3	1	1	12	0	19	1	0	12	52
0.5115	1	0	12	19	51	3	1	1	12	0	19	1	0	12	52
0.5115	1	0	11	18	51	3	1	1	12	0	19	1	0	12	52
0.5115	1	0	10	17	51	3	1	1	12	0	19	1	0	12	52
0.5115	1	0	9	16	51	3	1	1	12	0	19	1	0	12	52
0.5115	1	0	8	15	51	3	1	1	12	0	19	1	0	12	52
0.5115	1	0	7	14	51	3	1	1	12	0	19	1	0	12	52
0.5115	1	0	20	1	51	3	1	1	12	0	19	1	0	12	52
0.5115	1	0	19	2	51	3	1	1	12	0	19	1	0	12	52
0.5115	1	0	18	3	51	3	1	1	12	0	19	1	0	12	52
0.5115	1	0	17	4	51	3	1	1	12	0	19	1	0	12	52
0.5115	1	0	16	5	51	3	1	1	12	0	19	1	0	12	52
0.5115	1	0	15	6	51	3	1	1	12	0	19	1	0	12	52
0.5115	1	0	14	7	51	3	1	1	12	0	19	1	0	12	52
0.5115	1	0	1	8	51	3	1	1	12	0	19	1	0	12	52
0.5115	1	0	2	9	51	3	1	1	12	0	19	1	0	12	52
0.5115	1	0	3	10	51	3	1	1	12	0	19	1	0	12	52
0.5115	1	0	4	11	51	3	1	1	12	0	19	1	0	12	52
0.5115	1	0	6	13	51	3	1	1	12	0	19	1	0	12	52
0.5215	1	0	5	12	52	3	1	1	12	0	19	1	0	12	52
0.5215	1	0	13	20	52	3	1	1	12	0	19	1	0	12	52
0.5215	1	0	12	19	52	3	1	1	12	0	19	1	0	12	52
0.5215	1	0	11	18	52	3	1	1	12	0	19	1	0	12	52
0.5215	1	0	10	17	52	3	1	1	12	0	19	1	0	12	52
0.5215	1	0	9	16	52	3	1	1	12	0	19	1	0	12	52
0.5215	1	0	8	15	52	3	1	1	12	0	19	1	0	12	52
0.5215	1	0	7	14	52	3	1	1	12	0	19	1	0	12	52
0.5215	1	0	20	1	52	3	1	1	12	0	19	1	0	12	52
0.5215	1	0	19	2	52	3	1	1	12	0	19	1	0	12	52
0.5215	1	0	18	3	52	3	1	1	12	0	19	1	0	12	52
0.5215	1	0	17	4	52	3	1	1	12	0	19	1	0	12	52
0.5215	1	0	16	5	52	3	1	1	12	0	19	1	0	12	52
0.5215	1	0	15	6	52	3	1	1	12	0	19	1	0	12	52
0.5215	1	0	14	7	52	3	1	1	12	0	19	1	0	12	52
0.5215	1	0	1	8	52	3	1	1	12	0	19	1	0	12	52
0.5215	1	0	2	9	52	3	1	1	12	0	19	1	0	12	52
0.5215	1	0	3	10	52	3	1	1	12	0	19	1	0	12	52
0.5215	1	0	4	11	52	3	1	1	12	0	19	1	0	12	52
0.5215	1	0	6	13	52	3	1	1	12	0	19	1	0	12	52
0.5315	1	0	5	12	53	3	1	1	12	0	19	1	0	12	52
0.5315	1	0	13	20	53	3	1	1	12	0	19	1	0	12	52
0.5315	1	0	12	19	53	3	1	1	12	0	19	1	0	12	52
0.5315	1	0	11	18	53	3	1	1	12	0	19	1	0	12	52
0.5315	1	0	10	17	53	3	1	1	12	0	19	1	0	12	52
0.5315	1	0	9	16	53	3	1	1	12	0	19	1	0	12	52
0.5315	1	0	8	15	53	3	1	1	12	0	19	1	0	12	52
0.5315	1	0	7	14	53	3	1	1	12	0	19	1	0	12	52
0.5315	1	0	20	1	53	3	1	1	12	0	19	1	0	12	52
0.5315	1	0	19	2	53	3	1	1	12	0	19	1	0	12	52
0.5315	1	0	18	3	53	3	1	1	12	0	19	1	0	12	52
0.5315	1	0	17	4	53	3	1	1	12	0	19	1	0	12	52
0.5315	1	0	16	5	53	3	1	1	12	0	19	1	0	12	52
0.5315	1	0	15	6	53	3	1	1	12	0	19	1	0	12	52
0.5315	1	0	14	7	53	3	1	1	12	0	19	1	0	12	52
0.5315	1	0	1	8	53	3	1	1	12	0	19	1	0	12	52
0.5315	1	0	2	9	53	3	1	1	12	0	19	1	0	12	52
0.5315	1	0	3	10	53	3	1	1	12	0	19	1	0	12	52
0.5315	1	0	4	11	53	3	1	1	12	0	19	1	0	12	52
0.5315	1	0	6	13	53	3	1	1	12	0	19	1	0	12	52
0.5415	1	0	5	12	54	3	1	1	12	0	19	1	0	12	52
0.5415	1	0	13	20	54	3	1	1	12	0	19	1	0	12	52
0.5415	1	0	12	19	54	3	1	1	12	0	19	1	0	12	52
0.5415	1	0	11	18	54	3	1	1	12	0	19	1	0	12	52
0.5415	1	0	10	17	54	3	1	1	12	0	19	1	0	12	52
0.5415	1	0	9	16	54	3	1	1	12	0	19	1	0	12	52
0.5415	1	0	8	15	54	3	1	1	12	0	19	1	0	12	52
0.5415	1	0	7	14	54	3	1	1	12	0	19	1	0	12	52
0.5415	1	0	20	1	54	3	1	1	12	0	19	1	0	12	52
0.5415	1	0	19	2	54	3	1	1	12	0	19	1	0	12	52
0.5415	1	0	18	3	54	3	1	1	12	0	19	1	0	12	52
0.5415	1	0	17	4	54	3	1	1	12	0	19	1	0	12	52
0.5415	1	0	16	5	54	3	1	1	12	0	19	1	0	12	52
0.5415	1	0	15	6	54	3	1	1	12	0	19	1	0	12	52
0.5415	1	0	14	7	54	3	1	1	12	0	19	1	0	12	52
0.5415	1	0	1	8	54	3	1	1	12	0	19	1	0	12	52
0.5415	1	0	2	9	54	3	1	1	12	0	19	1	0	12	52
0.5415	1	0	3	10	54	3	1	1	12	0	19	1	0	12	52
0.5415	1	0	4	11	54	3	1	1	12	0	19	1	0	12	52
0.5415	1	0	6	13	54	3	1	1	12	0	19	1	0	12	52
0.5515	1	0	5	12	55	3	1	1	12	0	19	1	0	12	52
0.5515	1	0	13	20	55	3	1	1	12	0	19	1	0	12	52
0.5515	1	0	12	19	55	3	1	1	12	0	19	1	0	12	52
0.5515	1	0	11	18	55	3	1	1	12	0	19	1	0	12	52
0.5515	1	0	10	17	55	3	1	1	12	0	19	1	0	12	52
0.5515	1	0	9	16	55	3	1	1	12	0	19	1	0	12	52
0.5515	1	0	8	15	55	3	1	1	12	0	19	1	0	12	52
0.5515	1	0	7	14	55	3	1	1	12	0	19	1	0	12	52
0.5515	1	0	20	1	55	3	1	1	12	0	19	1	0	12	52
0.5515	1	0	19	2	55	3	1	1	12	0	19	1	0	12	52
0.5515	1	0	18	3	55	3	1	1	12	0	19	1	0	12	52
0.5515	1	0	17	4	55	3	1	1	12	0	19	1	0	12	52
0.5515	1	0	16	5	55	3	1	1	12	0	19	1	0	12	52
0.5515	1	0	15	6	55	3	1	1	12	0	19	1	0	12	52
0.5515	1	0	14	7	55	3	1	1	12	0	19	1	0	12	52
0.5515	1	0	1	8	55	3	1	1	12	0	19	1	0	12	52
0.5515	1	0	2	9	55	3	1	1	12	0	19	1	0	12	52
0.5515	1	0	3	10	55	3	1	1	12	0	19	1	0	12	52
0.5515	1	0	4	11	55	3	1	1	12	0	19	1	0	12	52
0.5515	1	0	6	13	55	3	1	1	12	0	19	1	0	12	52
0.5615	1	0	5	12	56	3	1	1	12	0	19	1	0	12	52
0.5615	1	0	13	20	56	3	1	1	12	0	19	1	0	12	52
0.5615	1	0	12	19	56	3	1	1	12	0	19	1	0	12	52
0.5615	1	0	11	18	56	3	1	1	12	0	19	1	0	12	52
0.5615	1	0	10	17	56	3	1	1	12	0	19	1	0	12	52
0.5615	1	0	9	16	56	3	1	1	12	0	19	1	0	12	52
0.5615	1	0	8	15	56	3	1	1	12	0	19	1	0	12	52
0.5615	1	0	7	14	56	3	1	1	12	0	19	1	0	12	52
0.5615	1	0	20	1	56	3	1	1	12	0	19	1	0	12	52
0.5615	1	0	19	2	56	3	1	1	12	0	19	1	0	12	52
0.5615	1	0	18	3	56	3	1	1	12	0	19	1	0	12	52
0.5615	1	0	17	4	56	3	1	1	12	0	19	1	0	12	52
0.5615	1	0	16	5	56	3	1	1	12	0	19	1	0	12	52
0.5615	1	0	15	6	56	3	1	1	12	0	19	1	0	12	52
0.5615	1	0	14	7	56	3	1	1	12	0	19	1	0	12	52
0.5615	1	0	1	8	56	3	1	1	12	0	19	1	0	12	52
0.5615	1	0	2	9	56	3	1	1	12	0	19	1	0	12	52
0.5615	1	0	3	10	56	3	1	1	12	0	19	1	0	12	52
0.5615	1	0	4	11	56	3	1	1	12	0	19	1	0	12	52
0.5615	1	0	6	13	56	3	1	1	12	0	19	1	0	12	52
0.5715	1	0	5	12	57	3	1	1	12	0	19	1	0	12	52
0.5715	1	0	13	20	57	3	1	1	12	0	19	1	0	12	52
0.5715	1	0	12	19	57	3	1	1	12	0	19	1	0	12	52
0.5715	1	0	11	18	57	3	1	1	12	0	19	1	0	12	52
0.5715	1	0	10	17	57	3	1	1	12	0	19	1	0	12	52
0.5715	1	0	9	16	57	3	1	1	12	0	19	1	0	12	52
0.5715	1	0	8	15	57	3	1	1	12	0	19	1	0	12	52
0.5715	1	0	7	14	57	3	1	1	12	0	19	1	0	12	52
0.5715	1	0	20	1	57	3	1	1	12	0	19	1	0	12	52
0.5715	1	0	19	2	57	3	1	1	12	0	19	1	0	12	52
0.5715	1	0	18	3	57	3	1	1	12	0	19	1	0	12	52
0.5715	1	0	17	4	57	3	1	1	12	0	19	1	0	12	52
0.5715	1	0	16	5	57	3	1	1	12	0	19	1	0	12	52
0.5715	1	0	15	6	57	3	1	1	12	0	19	1	0	12	52
0.5715	1	0	14	7	57	3	1	1	12	0	19	1	0	12	52
0.5715	1	0	1	8	57	3	1	1	12	0	19	1	0	12	52
0.5715	1	0	2	9	57	3	1	1	12	0	19	1	0	12	52
0.5715	1	0	3	10	57	3	1	1	12	0	19	1	0	12	52
0.5715	1	0	4	11	57	3	1	1	12	0	19	1	0	12	52
0.5715	1	0	6	13	57	3	1	1	12	0	19	1	0	12	52
0.5815	1	0	5	12	58	3	1	1	12	0	19	1	0	12	52
0.5815	1	0	13	20	58	3	1	1	12	0	19	1	0	12	52
0.5815	1	0	12	19	58	3	1	1	12	0	19	1	0	12	52
0.5815	1	0	11	18	58	3	1	1	12	0	19	1	0	12	52
0.5815	1	0	10	17	58	3	1	1	12	0	19	1	0	12	52
0.5815	1	0	9	16	58	3	1	1	12	0	19	1	0	12	52
0.5815	1	0	8	15	58	3	1	1	12	0	19	1	0	12	52
0.5815	1	0	7	14	58	3	1	1	12	0	19	1	0	12	52
0.5815	1	0	20	1	58	3	1	1	12	0	19	1	0	12	52
0.5815	1	0	19	2	58	3	1	1	12	0	19	1	0	12	52
0.5815	1	0	18	3	58	3	1	1	12	0	19	1	0	12	52
0.5815	1	0	17	4	58	3	1	1	12	0	19	1	0	12	52
0.5815	1	0	16	5	58	3	1	1	12	0	19	1	0	12	52
0.5815	1	0	15	6	58	3	1	1	12	0	19	1	0	12	52
0.5815	1	0	14	7	58	3	1	1	12	0	19	1	0	12	52
0.5815	1	0	1	8	58	3	1	1	12	0	19	1	0	12	52
0.5815	1	0	2	9	58	3	1	1	12	0	19	1	0	12	52
0.5815	1	0	3	10	58	3	1	1	12	0	19	1	0	12	52
0.5815	1	0	4	11	58	3	1	1	12	0	19	1	0	12	52
0.5815	1	0	6	13	58	3	1	1	12	0	19	1	0	12	52
0.5915	1	0	5	12	59	3	1	1	12	0	19	1	0	12	52
0.5915	1	0	13	20	59	3	1	1	12	0	19	1	0	12	52
0.5915	1	0	12	19	59	3	1	1	12	0	19	1	0	12	52
0.5915	1	0	11	18	59	3	1	1	12	0	19	1	0	12	52
0.5915	1	0	10	17	59	3	1	1	12	0	19	1	0	12	52
0.5915	1	0	9	16	59	3	1	1	12	0	19	1	0	12	52
0.5915	1	0	8	15	59	3	1	1	12	0	19	1	0	12	52
0.5915	1	0	7	14	59	3	1	1	12	0	19	1	0	12	52
0.5915	1	0	20	1	59	3	1	1	12	0	19	1	0	12	52
0.5915	1	0	19	2	59	3	1	1	12	0	19	1	0	12	52
0.5915	1	0	18	3	59	3	1	1	12	0	19	1	0	12	52
0.5915	1	0	17	4	59	3	1	1	12	0	19	1	0	12	52
0.5915	1	0	16	5	59	3	1	1	12	0	19	1	0	12	52
0.5915	1	0	15	6	59	3	1	1	12	0	19	1	0	12	52
0.5915	1	0	14	7	59	3	1	1	12	0	19	1	0	12	52
0.5915	1	0	1	8	59	3	1	1	12	0	19	1	0	12	52
0.5915	1	0	2	9	59	3	1	1	12	0	19	1	0	12	52
0.5915	1	0	3	10	59	3	1	1	12	0	19	1	0	12	52
0.5915	1	0	4	11	59	3	1	1	12	0	19	1	0	12	52
0.5915	1	0	6	13	59	3	1	1	12	0	19	1	0	12	52
0.6015	1	0	5	12	60	3	1	1	12	0	19	1	0	12	52
0.6015	1	0	13	20	60	3	1	1	12	0	19	1	0	12	52
0.6015	1	0	12	19	60	3	1	1	12	0	19	1	0	12	52
0.6015	1	0	11	18	60	3	1	1	12	0	19	1	0	12	52
0.6015	1	0	10	17	60	3	1	1	12	0	19	1	0	12	52
0.6015	1	0	9	16	60	3	1	1	12	0	19	1	0	12	52
0.6015	1	0	8	15	60	3	1	1	12	0	19	1	0	12	52
0.6015	1	0	7	14	60	3	1	1	12	0	19	1	0	12	52
0.6015	1	0	20	1	60	3	1	1	12	0	19	1	0	12	52
0.6015	1	0	19	2	60	3	1	1	12	0	19	1	0	12	52
0.6015	1	0	18	3	60	3	1	1	12	0	19	1	0	12	52
0.6015	1	0	17	4	60	3	1	1	12	0	19	1	0	12	52
0.6015	1	0	16	5	60	3	1	1	12	0	19	1	0	12	52
0.6015	1	0	15	6	60	3	1	1	12	0	19	1	0	12	52
0.6015	1	0	14	7	60	3	1	1	12	0	19	1	0	12	52
0.6015	1	0	1	8	60	3	1	1	12	0	19	1	0	12	52
0.6015	1	0	2	9	60	3	1	1	12	0	19	1	0	12	52
0.6015	1	0	3	10	60	3	1	1	12	0	19	1	0	12	52
0.6015	1	0	4	11	60	3	1	1	12	0	19	1	0	12	52
0.6015	1	0	6	13	60	3	1	1	12	0	19	1	0	12	52
0.6115	1	0	5	12	61	3	1	1	12	0	19	1	0	12	52
0.6115	1	0	13	20	61	3	1	1	12	0	19	1	0	12	52
0.6115	1	0	12	19	61	3	1	1	12	0	19	1	0	12	52
0.6115	1	0	11	18	61	3	1	1	12	0	19	1	0	12	52
0.6115	1	0	10	17	61	3	1	1	12	0	19	1	0	12	52
0.6115	1	0	9	16	61	3	1	1	12	0	19	1	0	12	52
0.6115	1	0	8	15	61	3	1	1	12	0	19	1	0	12	52
0.6115	1	0	7	14	61	3	1	1	12	0	19	1	0	12	52
0.6115	1	0	20	1	61	3	1	1	12	0	19	1	0	12	52
0.6115	1	0	19	2	61	3	1	1	12	0	19	1	0	12	52
0.6115	1	0	18	3	61	3	1	1	12	0	19	1	0	12	52
0.6115	1	0	17	4	61	3	1	1	12	0	19	1	0	12	52
0.6115	1	0	16	5	61	3	1	1	12	0	19	1	0	12	52
0.6115	1	0	15	6	61	3	1	1	12	0	19	1	0	12	52
0.6115	1	0	14	7	61	3	1	1	12	0	19	1	0	12	52
0.6115	1	0	1	8	61	3	1	1	12	0	19	1	0	12	52
0.6115	1	0	2	9	61	3	1	1	12	0	19	1	0	12	52
0.6115	1	0	3	10	61	3	1	1	12	0	19	1	0	12	52
0.6115	1	0	4	11	61	3	1	1	12	0	19	1	0	12	52
0.6115	1	0	6	13	61	3	1	1	12	0	19	1	0	12	52
0.6215	1	0	5	12	62	3	1	1	12	0	19	1	0	12	52
0.6215	1	0	13	20	62	3	1	1	12	0	19	1	0	12	52
0.6215	1	0	12	19	62	3	1	1	12	0	19	1	0	12	52
0.6215	1	0	11	18	62	3	1	1	12	0	19	1	0	12	52
0.6215	1	0	10	17	62	3	1	1	12	0	19	1	0	12	52
0.6215	1	0	9	16	62	3	1	1	12	0	19	1	0	12	52
0.6215	1	0	8	15	62	3	1	1	12	0	19	1	0	12	52
0.6215	1	0	7	14	62	3	1	1	12	0	19	1	0	12	52
0.6215	1	0	20	1	62	3	1	1	12	0	19	1	0	12	52
0.6215	1	0	19	2	62	3	1	1	12	0	19	1	0	12	52
0.6215	1	0	18	3	62	3	1	1	12	0	19	1	0	12	52
0.6215	1	0	17	4	62	3	1	1	12	0	19	1	0	12	52
0.6215	1	0	16	5	62	3	1	1	12	0	19	1	0	12	52
0.6215	1	0	15	6	62	3	1	1	12	0	19	1	0	12	52
0.6215	1	0	14	7	62	3	1	1	12	0	19	1	0	12	52
0.6215	1	0	1	8	62	3	1	1	12	0	19	1	0	12	52
0.6215	1	0	2	9	62	3	1	1	12	0	19	1	0	12	52
0.6215	1	0	3	10	62	3	1	1	12	0	19	1	0	12	52
0.6215	1	0	4	11	62	3	1	1	12	0	19	1	0	12	52
0.6215	1	0	6	13	62	3	1	1	12	0	19	1	0	12	52
0.6315	1	0	5	12	63	3	1	1	12	0	19	1	0	12	52
0.6315	1	0	13	20	63	3	1	1	12	0	19	1	0	12	52
0.6315	1	0	12	19	63	3	1	1	12	0	19	1	0	12	52
0.6315	1	0	11	18	63	3	1	1	12	0	19	1	0	12	52
0.6315	1	0	10	17	63	3	1	1	12	0	19	1	0	12	52
0.6315	1	0	9	16	63	3	1	1	12	0	19	1	0	12	52
0.6315	1	0	8	15	63	3	1	1	12	0	19	1	0	12	52
0.6315	1	0	7	14	63	3	1	1	12	0	19	1	0	12	52
0.6315	1	0	20	1	63	3	1	1	12	0	19	1	0	12	52
0.6315	1	0	19	2	63	3	1	1	12	0	19	1	0	12	52
0.6315	1	0	18	3	63	3	1	1	12	0	19	1	0	12	52
0.6315	1	0	17	4	63	3	1	1	12	0	19	1	0	12	52
0.6315	1	0	16	5	63	3	1	1	12	0	19	1	0	12	52
0.6315	1	0	15	6	63	3	1	1	12	0	19	1	0	12	52
0.6315	1	0	14	7	63	3	1	1	12	0	19	1	0	12	52
0.6315	1	0	1	8	63	3	1	1	12	0	19	1	0	12	52
0.6315	1	0	2	9	63	3	1	1	12	0	19	1	0	12	52
0.6315	1	0	3	10	63	3	1	1	12	0	19	1	0	12	52
0.6315	1	0	4	11	63	3	1	1	12	0	19	1	0	12	52
0.6315	1	0	6	13	63	3	1	1	12	0	19	1	0	12	52
0.6415	1	0	5	12	64	3	1	1	12	0	19	1	0	12	52
0.6415	1	0	13	20	64	3	1	1	12	0	19	1	0	12	52
0.6415	1	0	12	19	64	3	1	1	12	0	19	1	0	12	52
0.6415	1	0	11	18	64	3	1	1	12	0	19	1	0	12	52
0.6415	1	0	10	17	64	3	1	1	12	0	19	1	0	12	52
0.6415	1	0	9	16	64	3	1	1	12	0	19	1	0	12	52
0.6415	1	0	8	15	64	3	1	1	12	0	19	1	0	12	52
0.6415	1	0	7	14	64	3	1	1	12	0	19	1	0	12	52
0.6415	1	0	20	1	64	3	1	1	12	0	19	1	0	12	52
0.6415	1	0	19	2	64	3	1	1	12	0	19	1	0	12	52
0.6415	1	0	18	3	64	3	1	1	12	0	19	1	0	12	52
0.6415	1	0	17	4	64	3	1	1	12	0	19	1	0	12	52
0.6415	1	0	16	5	64	3	1	1	12	0	19	1	0	12	52
0.6415	1	0	15	6	64	3	1	1	12	0	19	1	0	12	52
0.6415	1	0	14	7	64	3	1	1	12	0	19	1	0	12	52
0.6415	1	0	1	8	64	3	1	1	12	0	19	1	0	12	52
0.6415	1	0	2	9	64	3	1	1	12	0	19	1	0	12	52
0.6415	1	0	3	10	64	3	1	1	12	0	19	1	0	12	52
0.6415	1	0	4	11	64	3	1	1	12	0	19	1	0	12	52
0.6415	1	0	6	13	64	3	1	1	12	0	19	1	0	12	52
0.6515	1	0	5	12	65	3	1	1	12	0	19	1	0	12	52
0.6515	1	0	13	20	65	3	1	1	12	0	19	1	0	12	52
0.6515	1	0	12	19	65	3	1	1	12	0	19	1	0	12	52
0.6515	1	0	11	18	65	3	1	1	12	0	19	1	0	12	52
0.6515	1	0	10	17	65	3	1	1	12	0	19	1	0	12	52
0.6515	1	0	9	16	65	3	1	1	12	0	19	1	0	12	52
0.6515	1	0	8	15	65	3	1	1	12	0	19	1	0	12	52
0.6515	1	0	7	14	65	3	1	1	12	0	19	1	0	12	52
0.6515	1	0	20	1	65	3	1	1	12	0	19	1	0	12	52
0.6515	1	0	19	2	65	3	1	1	12	0	19	1	0	12	52
0.6515	1	0	18	3	65	3	1	1	12	0	19	1	0	12	52
0.6515	1	0	17	4	65	3	1	1	12	0	19	1	0	12	52
0.6515	1	0	16	5	65	3	1	1	12	0	19	1	0	12	52
0.6515	1	0	15	6	65	3	1	1	12	0	19	1	0	12	52
0.6515	1	0	14	7	65	3	1	1	12	0	19	1	0	12	52
0.6515	1	0	1	8	65	3	1	1	12	0	19	1	0	12	52
0.6515	1	0	2	9	65	3	1	1	12	0	19	1	0	12	52
0.6515	1	0	3	10	65	3	1	1	12	0	19	1	0	12	52
0.6515	1	0	4	11	65	3	1	1	12	0	19	1	0	12	52
0.6515	1	0	6	13	65	3	1	1	12	0	19	1	0	12	52
0.6615	1	0	5	12	66	3	1	1	12	0	19	1	0	12	52
0.6615	1	0	13	20	66	3	1	1	12	0	19	1	0	12	52
0.6615	1	0	12	19	66	3	1	1	12	0	19	1	0	12	52
0.6615	1	0	11	18	66	3	1	1	12	0	19	1	0	12	52
0.6615	1	0	10	17	66	3	1	1	12	0	19	1	0	12	52
0.6615	1	0	9	16	66	3	1	1	12	0	19	1	0	12	52
0.6615	1	0	8	15	66	3	1	1	12	0	19	1	0	12	52
0.6615	1	0	7	14	66	3	1	1	12	0	19	1	0	12	52
0.6615	1	0	20	1	66	3	1	1	12	0	19	1	0	12	52
0.6615	1	0	19	2	66	3	1	1	12	0	19	1	0	12	52
0.6615	1	0	18	3	66	3	1	1	12	0	19	1	0	12	52
0.6615	1	0	17	4	66	3	1	1	12	0	19	1	0	12	52
0.6615	1	0	16	5	66	3	1	1	12	0	19	1	0	12	52
0.6615	1	0	15	6	66	3	1	1	12	0	19	1	0	12	52
0.6615	1	0	14	7	66	3	1	1	12	0	19	1	0	12	52
0.6615	1	0	1	8	66	3	1	1	12	0	19	1	0	12	52
0.6615	1	0	2	9	66	3	1	1	12	0	19	1	0	12	52
0.6615	1	0	3	10	66	3	1	1	12	0	19	1	0	12	52
0.6615	1	0	4	11	66	3	1	1	12	0	19	1	0	12	52
0.6615	1	0	6	13	66	3	1	1	12	0	19	1	0	12	52
0.6715	1	0	5	12	67	3	1	1	12	0	19	1	0	12	52
0.6715	1	0	13	20	67	3	1	1	12	0	19	1	0	12	52
0.6715	1	0	12	19	67	3	1	1	12	0	19	1	0	12	52
0.6715	1	0	11	18	67	3	1	1	12	0	19	1	0	12	52
0.6715	1	0	10	17	67	3	1	1	12	0	19	1	0	12	52
0.6715	1	0	9	16	67	3	1	1	12	0	19	1	0	12	52
0.6715	1	0	8	15	67	3	1	1	12	0	19	1	0	12	52
0.6715	1	0	7	14	67	3	1	1	12	0	19	1	0	12	52
0.6715	1	0	20	1	67	3	1	1	12	0	19	1	0	12	52
0.6715	1	0	19	2	67	3	1	1	12	0	19	1	0	12	52
0.6715	1	0	18	3	67	3	1	1	12	0	19	1	0	12	52
0.6715	1	0	17	4	67	3	1	1	12	0	19	1	0	12	52
0.6715	1	0	16	5	67	3	1	1	12	0	19	1	0	12	52
0.6715	1	0	15	6	67	3	1	1	12	0	19	1	0	12	52
0.6715	1	0	14	7	67	3	1	1	12	0	19	1	0	12	52
0.6715	1	0	1	8	67	3	1	1	12	0	19	1	0	12	52
0.6715	1	0	2	9	67	3	1	1	12	0	19	1	0	12	52
0.6715	1	0	3	10	67	3	1	1	12	0	19	1	0	12	52
0.6715	1	0	4	11	67	3	1	1	12	0	19	1	0	12	52
0.6715	1	0	6	13	67	3	1	1	12	0	19	1	0	12	52
0.6815	1	0	5	12	68	3	1	1	12	0	19	1	0	12	52
0.6815	1	0	13	20	68	3	1	1	12	0	19	1	0	12	52
0.6815	1	0	12	19	68	3	1	1	12	0	19	1	0	12	52
0.6815	1	0	11	18	68	3	1	1	12	0	19	1	0	12	52
0.6815	1	0	10	17	68	3	1	1	12	0	19	1	0	12	52
0.6815	1	0	9	16	68	3	1	1	12	0	19	1	0	12	52
0.6815	1	0	8	15	68	3	1	1	12	0	19	1	0	12	52
0.6815	1	0	7	14	68	3	1	1	12	0	19	1	0	12	52
0.6815	1	0	20	1	68	3	1	1	12	0	19	1	0	12	52
0.6815	1	0	19	2	68	3	1	1	12	0	19	1	0	12	52
0.6815	1	0	18	3	68	3	1	1	12	0	19	1	0	12	52
0.6815	1	0	17	4	68	3	1	1	12	0	19	1	0	12	52
0.6815	1	0	16	5	68	3	1	1	12	0	19	1	0	12	52
0.6815	1	0	15	6	68	3	1	1	12	0	19	1	0	12	52
0.6815	1	0	14	7	68	3	1	1	12	0	19	1	0	12	52
0.6815	1	0	1	8	68	3	1	1	12	0	19	1	0	12	52
0.6815	1	0	2	9	68	3	1	1	12	0	19	1	0	12	52
0.6815	1	0	3	10	68	3	1	1	12	0	19	1	0	12	52
0.6815	1	0	4	11	68	3	1	1	12	0	19	1	0	12	52
0.6815	1	0	6	13	68	3	1	1	12	0	19	1	0	12	52
0.6915	1	0	5	12	69	3	1	1	12	0	19	1	0	12	52
0.6915	1	0	13	20	69	3	1	1	12	0	19	1	0	12	52
0.6915	1	0	12	19	69	3	1	1	12	0	19	1	0	12	52
0.6915	1	0	11	18	69	3	1	1	12	0	19	1	0	12	52
0.6915	1	0	10	17	69	3	1	1	12	0	19	1	0	12	52
0.6915	1	0	9	16	69	3	1	1	12	0	19	1	0	12	52
0.6915	1	0	8	15	69	3	1	1	12	0	19	1	0	12	52
0.6915	1	0	7	14	69	3	1	1	12	0	19	1	0	12	52
0.6915	1	0	20	1	69	3	1	1	12	0	19	1	0	12	52
0.6915	1	0	19	2	69	3	1	1	12	0	19	1	0	12	52
0.6915	1	0	18	3	69	3	1	1	12	0	19	1	0	12	52
0.6915	1	0	17	4	69	3	1	1	12	0	19	1	0	12	52
0.6915	1	0	16	5	69	3	1	1	12	0	19	1	0	12	52
0.6915	1	0	15	6	69	3	1	1	12	0	19	1	0	12	52
0.6915	1	0	14	7	69	3	1	1	12	0	19	1	0	12	52
0.6915	1	0	1	8	69	3	1	1	12	0	19	1	0	12	52
0.6915	1	0	2	9	69	3	1	1	12	0	19	1	0	12	52
0.6915	1	0	3	10	69	3	1	1	12	0	19	1	0	12	52
0.6915	1	0	4	11	69	3	1	1	12	0	19	1	0	12	52
0.6915	1	0	6	13	69	3	1	1	12	0	19	1	0	12	52
0.7015	1	0	5	12	70	3	1	1	12	0	19	1	0	12	52
0.7015	1	0	13	20	70	3	1	1	12	0	19	1	0	12	52
0.7015	1	0	12	19	70	3	1	1	12	0	19	1	0	12	52
0.7015	1	0	11	18	70	3	1	1	12	0	19	1	0	12	52
0.7015	1	0	10	17	70	3	1	1	12	0	19	1	0	12	52
0.7015	1	0	9	16	70	3	1	1	12	0	19	1	0	12	52
0.7015	1	0	8	15	70	3	1	1	12	0	19	1	0	12	52
0.7015	1	0	7	14	70	3	1	1	12	0	19	1	0	12	52
0.7015	1	0	20	1	70	3	1	1	12	0	19	1	0	12	52
0.7015	1	0	19	2	70	3	1	1	12	0	19	1	0	12	52
0.7015	1	0	18	3	70	3	1	1	12	0	19	1	0	12	52
0.7015	1	0	17	4	70	3	1	1	12	0	19	1	0	12	52
0.7015	1	0	16	5	70	3	1	1	12	0	19	1	0	12	52
0.7015	1	0	15	6	70	3	1	1	12	0	19	1	0	12	52
0.7015	1	0	14	7	70	3	1	1	12	0	19	1	0	12	52
0.7015	1	0	1	8	70	3	1	1	12	0	19	1	0	12	52
0.7015	1	0	2	9	70	3	1	1	12	0	19	1	0	12	52
0.7015	1	0	3	10	70	3	1	1	12	0	19	1	0	12	52
0.7015	1	0	4	11	70	3	1	1	12	0	19	1	0	12	52
0.7015	1	0	6	13	70	3	1	1	12	0	19	1	0	12	52
0.7115	1	0	5	12	71	3	1	1	12	0	19	1	0	12	52
0.7115	1	0	13	20	71	3	1	1	12	0	19	1	0	12	52
0.7115	1	0	12	19	71	3	1	1	12	0	19	1	0	12	52
0.7115	1	0	11	18	71	3	1	1	12	0	19	1	0	12	52
0.7115	1	0	10	17	71	3	1	1	12	0	19	1	0	12	52
0.7115	1	0	9	16	71	3	1	1	12	0	19	1	0	12	52
0.7115	1	0	8	15	71	3	1	1	12	0	19	1	0	12	52
0.7115	1	0	7	14	71	3	1	1	12	0	19	1	0	12	52
0.7115	1	0	20	1	71	3	1	1	12	0	19	1	0	12	52
0.7115	1	0	19	2	71	3	1	1	12	0	19	1	0	12	52
0.7115	1	0	18	3	71	3	1	1	12	0	19	1	0	12	52
0.7115	1	0	17	4	71	3	1	1	12	0	19	1	0	12	52
0.7115	1	0	16	5	71	3	1	1	12	0	19	1	0	12	52
0.7115	1	0	15	6	71	3	1	1	12	0	19	1	0	12	52
0.7115	1	0	14	7	71	3	1	1	12	0	19	1	0	12	52
0.7115	1	0	1	8	71	3	1	1	12	0	19	1	0	12	52
0.7115	1	0	2	9	71	3	1	1	12	0	19	1	0	12	52
0.7115	1	0	3	10	71	3	1	1	12	0	19	1	0	12	52
0.7115	1	0	4	11	71	3	1	1	12	0	19	1	0	12	52
0.7115	1	0	6	13	71	3	1	1	12	0	19	1	0	12	52
0.7215	1	0	5	12	72	3	1	1	12	0	19	1	0	12	52
0.7215	1	0	13	20	72	3	1	1	12	0	19	1	0	12	52
0.7215	1	0	12	19	72	3	1	1	12	0	19	1	0	12	52
0.7215	1	0	11	18	72	3	1	1	12	0	19	1	0	12	52
0.7215	1	0	10	17	72	3	1	1	12	0	19	1	0	12	52
0.7215	1	0	9	16	72	3	1	1	12	0	19	1	0	12	52
0.7215	1	0	8	15	72	3	1	1	12	0	19	1	0	12	52
0.7215	1	0	7	14	72	3	1	1	12	0	19	1	0	12	52
0.7215	1	0	20	1	72	3	1	1	12	0	19	1	0	12	52
0.7215	1	0	19	2	72	3	1	1	12	0	19	1	0	12	52
0.7215	1	0	18	3	72	3	1	1	12	0	19	1	0	12	52
0.7215	1	0	17	4	72	3	1	1	12	0	19	1	0	12	52
0.7215	1	0	16	5	72	3	1	1	12	0	19	1	0	12	52
0.7215	1	0	15	6	72	3	1	1	12	0	19	1	0	12	52
0.7215	1	0	14	7	72	3	1	1	12	0	19	1	0	12	52
0.7215	1	0	1	8	72	3	1	1	12	0	19	1	0	12	52
0.7215	1	0	2	9	72	3	1	1	12	0	19	1	0	12	52
0.7215	1	0	3	10	72	3	1	1	12	0	19	1	0	12	52
0.7215	1	0	4	11	72	3	1	1	12	0	19	1	0	12	52
0.7215	1	0	6	13	72	3	1	1	12	0	19	1	0	12	52
0.7315	1	0	5	12	73	3	1	1	12	0	19	1	0	12	52
0.7315	1	0	13	20	73	3	1	1	12	0	19	1	0	12	52
0.7315	1	0	12	19	73	3	1	1	12	0	19	1	0	12	52
0.7315	1	0	11	18	73	3	1	1	12	0	19	1	0	12	52
0.7315	1	0	10	17	73	3	1	1	12	0	19	1	0	12	52
0.7315	1	0	9	16	73	3	1	1	12	0	19	1	0	12	52
0.7315	1	0	8	15	73	3	1	1	12	0	19	1	0	12	52
0.7315	1	0	7	14	73	3	1	1	12	0	19	1	0	12	52
0.7315	1	0	20	1	73	3	1	1	12	0	19	1	0	12	52
0.7315	1	0	19	2	73	3	1	1	12	0	19	1	0	12	52
0.7315	1	0	18	3	73	3	1	1	12	0	19	1	0	12	52
0.7315	1	0	17	4	73	3	1	1	12	0	19	1	0	12	52
0.7315	1	0	16	5	73	3	1	1	12	0	19	1	0	12	52
0.7315	1	0	15	6	73	3	1	1	12	0	19	1	0	12	52
0.7315	1	0	14	7	73	3	1	1	12	0	19	1	0	12	52
0.7315	1	0	1	8	73	3	1	1	12	0	19	1	0	12	52
0.7315	1	0	2	9	73	3	1	1	12	0	19	1	0	12	52
0.7315	1	0	3	10	73	3	1	1	12	0	19	1	0	12	52
0.7315	1	0	4	11	73	3	1	1	12	0	19	1	0	12	52
0.7315	1	0	6	13	73	3	1	1	12	0	19	1	0	12	52
0.7415	1	0	5	12	74	3	1	1	12	0	19	1	0	12	52
0.7415	1	0	13	20	74	3	1	1	12	0	19	1	0	12	52
0.7415	1	0	12	19	74	3	1	1	12	0	19	1	0	12	52
0.7415	1	0	11	18	74	3	1	1	12	0	19	1	0	12	52
0.7415	1	0	10	17	74	3	1	1	12	0	19	1	0	12	52
0.7415	1	0	9	16	74	3	1	1	12	0	19	1	0	12	52
0.7415	1	0	8	15	74	3	1	1	12	0	19	1	0	12	52
0.7415	1	0	7	14	74	3	1	1	12	0	19	1	0	12	52
0.7415	1	0	20	1	74	3	1	1	12	0	19	1	0	12	52
0.7415	1	0	19	2	74	3	1	1	12	0	19	1	0	12	52
0.7415	1	0	18	3	74	3	1	1	12	0	19	1	0	12	52
0.7415	1	0	17	4	74	3	1	1	12	0	19	1	0	12	52
0.7415	1	0	16	5	74	3	1	1	12	0	19	1	0	12	52
0.7415	1	0	15	6	74	3	1	1	12	0	19	1	0	12	52
0.7415	1	0	14	7	74	3	1	1	12	0	19	1	0	12	52
0.7415	1	0	1	8	74	3	1	1	12	0	19	1	0	12	52
0.7415	1	0	2	9	74	3	1	1	12	0	19	1	0	12	52
0.7415	1	0	3	10	74	3	1	1	12	0	19	1	0	12	52
0.7415	1	0	4	11	74	3	1	1	12	0	19	1	0	12	52
0.7415	1	0	6	13	74	3	1	1	12	0	19	1	0	12	52
0.7515	1	0	5	12	75	3	1	1	12	0	19	1	0	12	52
0.7515	1	0	13	20	75	3	1	1	12	0	19	1	0	12	52
0.7515	1	0	12	19	75	3	1	1	12	0	19	1	0	12	52
0.7515	1	0	11	18	75	3	1	1	12	0	19	1	0	12	52
0.7515	1	0	10	17	75	3	1	1	12	0	19	1	0	12	52
0.7515	1	0	9	16	75	3	1	1	12	0	19	1	0	12	52
0.7515	1	0	8	15	75	3	1	1	12	0	19	1	0	12	52
0.7515	1	0	7	14	75	3	1	1	12	0	19	1	0	12	52
0.7515	1	0	20	1	75	3	1	1	12	0	19	1	0	12	52
0.7515	1	0	19	2	75	3	1	1	12	0	19	1	0	12	52
0.7515	1	0	18	3	75	3	1	1	12	0	19	1	0	12	52
0.7515	1	0	17	4	75	3	1	1	12	0	19	1	0	12	52
0.7515	1	0	16	5	75	3	1	1	12	0	19	1	0	12	52
0.7515	1	0	15	6	75	3	1	1	12	0	19	1	0	12	52
0.7515	1	0	14	7	75	3	1	1	12	0	19	1	0	12	52
0.7515	1	0	1	8	75	3	1	1	12	0	19	1	0	12	52
0.7515	1	0	2	9	75	3	1	1	12	0	19	1	0	12	52
0.7515	1	0	3	10	75	3	1	1	12	0	19	1	0	12	52
0.7515	1	0	4	11	75	3	1	1	12	0	19	1	0	12	52
0.7515	1	0	6	13	75	3	1	1	12	0	19	1	0	12	52
0.7615	1	0	5	12	76	3	1	1	12	0	19	1	0	12	52
0.7615	1	0	13	20	76	3	1	1	12	0	19	1	0	12	52
0.7615	1	0	12	19	76	3	1	1	12	0	19	1	0	12	52
0.7615	1	0	11	18	76	3	1	1	12	0	19	1	0	12	52
0.7615	1	0	10	17	76	3	1	1	12	0	19	1	0	12	52
0.7615	1	0	9	16	76	3	1	1	12	0	19	1	0	12	52
0.7615	1	0	8	15	76	3	1	1	12	0	19	1	0	12	52
0.7615	1	0	7	14	76	3	1	1	12	0	19	1	0	12	52
0.7615	1	0	20	1	76	3	1	1	12	0	19	1	0	12	52
0.7615	1	0	19	2	76	3	1	1	12	0	19	1	0	12	52
0.7615	1	0	18	3	76	3	1	1	12	0	19	1	0	12	52
0.7615	1	0	17	4	76	3	1	1	12	0	19	1	0	12	52
0.7615	1	0	16	5	76	3	1	1	12	0	19	1	0	12	52
0.7615	1	0	15	6	76	3	1	1	12	0	19	1	0	12	52
0.7615	1	0	14	7	76	3	1	1	12	0	19	1	0	12	52
0.7615	1	0	1	8	76	3	1	1	12	0	19	1	0	12	52
0.7615	1	0	2	9	76	3	1	1	12	0	19	1	0	12	52
0.7615	1	0	3	10	76	3	1	1	12	0	19	1	0	12	52
0.7615	1	0	4	11	76	3	1	1	12	0	19	1	0	12	52
0.7615	1	0	6	13	76	3	1	1	12	0	19	1	0	12	52
0.7715	1	0	5	12	77	3	1	1	12	0	19	1	0	12	52
0.7715	1	0	13	20	77	3	1	1	12	0	19	1	0	12	52
0.7715	1	0	12	19	77	3	1	1	12	0	19	1	0	12	52
0.7715	1	0	11	18	77	3	1	1	12	0	19	1	0	12	52
0.7715	1	0	10	17	77	3	1	1	12	0	19	1	0	12	52
0.7715	1	0	9	16	77	3	1	1	12	0	19	1	0	12	52
0.7715	1	0	8	15	77	3	1	1	12	0	19	1	0	12	52
0.7715	1	0	7	14	77	3	1	1	12	0	19	1	0	12	52
0.7715	1	0	20	1	77	3	1	1	12	0	19	1	0	12	52
0.7715	1	0	19	2	77	3	1	1	12	0	19	1	0	12	52
0.7715	1	0	18	3	77	3	1	1	12	0	19	1	0	12	52
0.7715	1	0	17	4	77	3	1	1	12	0	19	1	0	12	52
0.7715	1	0	16	5	77	3	1	1	12	0	19	1	0	12	52
0.7715	1	0	15	6	77	3	1	1	12	0	19	1	0	12	52
0.7715	1	0	14	7	77	3	1	1	12	0	19	1	0	12	52
0.7715	1	0	1	8	77	3	1	1	12	0	19	1	0	12	52
0.7715	1	0	2	9	77	3	1	1	12	0	19	1	0	12	52
0.7715	1	0	3	10	77	3	1	1	12	0	19	1	0	12	52
0.7715	1	0	4	11	77	3	1	1	12	0	19	1	0	12	52
0.7715	1	0	6	13	77	3	1	1	12	0	19	1	0	12	52
0.7815	1	0	5	12	78	3	1	1	12	0	19	1	0	12	52
0.7815	1	0	13	20	78	3	1	1	12	0	19	1	0	12	52
0.7815	1	0	12	19	78	3	1	1	12	0	19	1	0	12	52
0.7815	1	0	11	18	78	3	1	1	12	0	19	1	0	12	52
0.7815	1	0	10	17	78	3	1	1	12	0	19	1	0	12	52
0.7815	1	0	9	16	78	3	1	1	12	0	19	1	0	12	52
0.7815	1	0	8	15	78	3	1	1	12	0	19	1	0	12	52
0.7815	1	0	7	14	78	3	1	1	12	0	19	1	0	12	52
0.7815	1	0	20	1	78	3	1	1	12	0	19	1	0	12	52
0.7815	1	0	19	2	78	3	1	1	12	0	19	1	0	12	52
0.7815	1	0	18	3	78	3	1	1	12	0	19	1	0	12	52
0.7815	1	0	17	4	78	3	1	1	12	0	19	1	0	12	52
0.7815	1	0	16	5	78	3	1	1	12	0	19	1	0	12	52
0.7815	1	0	15	6	78	3	1	1	12	0	19	1	0	12	52
0.7815	1	0	14	7	78	3	1	1	12	0	19	1	0	12	52
0.7815	1	0	1	8	78	3	1	1	12	0	19	1	0	12	52
0.7815	1	0	2	9	78	3	1	1	12	0	19	1	0	12	52
0.7815	1	0	3	10	78	3	1	1	12	0	19	1	0	12	52
0.7815	1	0	4	11	78	3	1	1	12	0	19	1	0	12	52
0.7815	1	0	6	13	78	3	1	1	12	0	19	1	0	12	52
0.7915	1	0	5	12	79	3	1	1	12	0	19	1	0	12	52
0.7915	1	0	13	20	79	3	1	1	12	0	19	1	0	12	52
0.7915	1	0	12	19	79	3	1	1	12	0	19	1	0	12	52
0.7915	1	0	11	18	79	3	1	1	12	0	19	1	0	12	52
0.7915	1	0	10	17	79	3	1	1	12	0	19	1	0	12	52
0.7915	1	0	9	16	79	3	1	1	12	0	19	1	0	12	52
0.7915	1	0	8	15	79	3	1	1	12	0	19	1	0	12	52
0.7915	1	0	7	14	79	3	1	1	12	0	19	1	0	12	52
0.7915	1	0	20	1	79	3	1	1	12	0	19	1	0	12	52
0.7915	1	0	19	2	79	3	1	1	12	0	19	1	0	12	52
0.7915	1	0	18	3	79	3	1	1	12	0	19	1	0	12	52
0.7915	1	0	17	4	79	3	1	1	12	0	19	1	0	12	52
0.7915	1	0	16	5	79	3	1	1	12	0	19	1	0	12	52
0.7915	1	0	15	6	79	3	1	1	12	0	19	1	0	12	52
0.7915	1	0	14	7	79	3	1	1	12	0	19	1	0	12	52
0.7915	1	0	1	8	79	3	1	1	12	0	19	1	0	12	52
0.7915	1	0	2	9	79	3	1	1	12	0	19	1	0	12	52
0.7915	1	0	3	10	79	3	1	1	12	0	19	1	0	12	52
0.7915	1	0	4	11	79	3	1	1	12	0	19	1	0	12	52
0.7915	1	0	6	13	79	3	1	1	12	0	19	1	0	12	52
0.8015	1	0	5	12	80	3	1	1	12	0	19	1	0	12	52
0.8015	1	0	13	20	80	3	1	1	12	0	19	1	0	12	52
0.8015	1	0	12	19	80	3	1	1	12	0	19	1	0	12	52
0.8015	1	0	11	18	80	3	1	1	12	0	19	1	0	12	52
0.8015	1	0	10	17	80	3	1	1	12	0	19	1	0	12	52
0.8015	1	0	9	16	80	3	1	1	12	0	19	1	0	12	52
0.8015	1	0	8	15	80	3	1	1	12	0	19	1	0	12	52
0.8015	1	0	7	14	80	3	1	1	12	0	19	1	0	12	52
0.8015	1	0	20	1	80	3	1	1	12	0	19	1	0	12	52
0.8015	1	0	19	2	80	3	1	1	12	0	19	1	0	12	52
0.8015	1	0	18	3	80	3	1	1	12	0	19	1	0	12	52
0.8015	1	0	17	4	80	3	1	1	12	0	19	1	0	12	52
0.8015	1	0	16	5	80	3	1	1	12	0	19	1	0	12	52
0.8015	1	0	15	6	80	3	1	1	12	0	19	1	0	12	52
0.8015	1	0	14	7	80	3	1	1	12	0	19	1	0	12	52
0.8015	1	0	1	8	80	3	1	1	12	0	19	1	0	12	52
0.8015	1	0	2	9	80	3	1	1	12	0	19	1	0	12	52
0.8015	1	0	3	10	80	3	1	1	12	0	19	1	0	12	52
0.8015	1	0	4	11	80	3	1	1	12	0	19	1	0	12	52
0.8015	1	0	6	13	80	3	1	1	12	0	19	1	0	12	52
0.8115	1	0	5	12	81	3	1	1	12	0	19	1	0	12	52
0.8115	1	0	13	20	81	3	1	1	12	0	19	1	0	12	52
0.8115	1	0	12	19	81	3	1	1	12	0	19	1	0	12	52
0.8115	1	0	11	18	81	3	1	1	12	0	19	1	0	12	52
0.8115	1	0	10	17	81	3	1	1	12	0	19	1	0	12	52
0.8115	1	0	9	16	81	3	1	1	12	0	19	1	0	12	52
0.8115	1	0	8	15	81	3	1	1	12	0	19	1	0	12	52
0.8115	1	0	7	14	81	3	1	1	12	0	19	1	0	12	52
0.8115	1	0	20	1	81	3	1	1	12	0	19	1	0	12	52
0.8115	1	0	19	2	81	3	1	1	12	0	19	1	0	12	52
0.8115	1	0	18	3	81	3	1	1	12	0	19	1	0	12	52
0.8115	1	0	17	4	81	3	1	1	12	0	19	1	0	12	52
0.8115	1	0	16	5	81	3	1	1	12	0	19	1	0	12	52
0.8115	1	0	15	6	81	3	1	1	12	0	19	1	0	12	52
0.8115	1	0	14	7	81	3	1	1	12	0	19	1	0	12	52
0.8115	1	0	1	8	81	3	1	1	12	0	19	1	0	12	52
0.8115	1	0	2	9	81	3	1	1	12	0	19	1	0	12	52
0.8115	1	0	3	10	81	3	1	1	12	0	19	1	0	12	52
0.8115	1	0	4	11	81	3	1	1	12	0	19	1	0	12	52
0.8115	1	0	6	13	81	3	1	1	12	0	19	1	0	12	52
0.8215	1	0	5	12	82	3	1	1	12	0	19	1	0	12	52
0.8215	1	0	13	20	82	3	1	1	12	0	19	1	0	12	52
0.8215	1	0	12	19	82	3	1	1	12	0	19	1	0	12	52
0.8215	1	0	11	18	82	3	1	1	12	0	19	1	0	12	52
0.8215	1	0	10	17	82	3	1	1	12	0	19	1	0	12	52
0.8215	1	0	9	16	82	3	1	1	12	0	19	1	0	12	52
0.8215	1	0	8	15	82	3	1	1	12	0	19	1	0	12	52
0.8215	1	0	7	14	82	3	1	1	12	0	19	1	0	12	52
0.8215	1	0	20	1	82	3	1	1	12	0	19	1	0	12	52
0.8215	1	0	19	2	82	3	1	1	12	0	19	1	0	12	52
0.8215	1	0	18	3	82	3	1	1	12	0	19	1	0	12	52
0.8215	1	0	17	4	82	3	1	1	12	0	19	1	0	12	52
0.8215	1	0	16	5	82	3	1	1	12	0	19	1	0	12	52
0.8215	1	0	15	6	82	3	1	1	12	0	19	1	0	12	52
0.8215	1	0	14	7	82	3	1	1	12	0	19	1	0	12	52
0.8215	1	0	1	8	82	3	1	1	12	0	19	1	0	12	52
0.8215	1	0	2	9	82	3	1	1	12	0	19	1	0	12	52
0.8215	1	0	3	10	82	3	1	1	12	0	19	1	0	12	52
0.8215	1	0	4	11	82	3	1	1	12	0	19	1	0	12	52
0.8215	1	0	6	13	82	3	1	1	12	0	19	1	0	12	52
0.8315	1	0	5	12	83	3	1	1	12	0	19	1	0	12	52
0.8315	1	0	13	20	83	3	1	1	12	0	19	1	0	12	52
0.8315	1	0	12	19	83	3	1	1	12	0	19	1	0	12	52
0.8315	1	0	11	18	83	3	1	1	12	0	19	1	0	12	52
0.8315	1	0	10	17	83	3	1	1	12	0	19	1	0	12	52
0.8315	1	0	9	16	83	3	1	1	12	0	19	1	0	12	52
0.8315	1	0	8	15	83	3	1	1	12	0	19	1	0	12	52
0.8315	1	0	7	14	83	3	1	1	12	0	19	1	0	12	52
0.8315	1	0	20	1	83	3	1	1	12	0	19	1	0	12	52
0.8315	1	0	19	2	83	3	1	1	12	0	19	1	0	12	52
0.8315	1	0	18	3	83	3	1	1	12	0	19	1	0	12	52
0.8315	1	0	17	4	83	3	1	1	12	0	19	1	0	12	52
0.8315	1	0	16	5	83	3	1	1	12	0	19	1	0	12	52
0.8315	1	0	15	6	83	3	1	1	12	0	19	1	0	12	52
0.8315	1	0	14	7	83	3	1	1	12	0	19	1	0	12	52
0.8315	1	0	1	8	83	3	1	1	12	0	19	1	0	12	52
0.8315	1	0	2	9	83	3	1	1	12	0	19	1	0	12	52
0.8315	1	0	3	10	83	3	1	1	12	0	19	1	0	12	52
0.8315	1	0	4	11	83	3	1	1	12	0	19	1	0	12	52
0.8315	1	0	6	13	83	3	1	1	12	0	19	1	0	12	52
0.8415	1	0	5	12	84	3	1	1	12	0	19	1	0	12	52
0.8415	1	0	13	20	84	3	1	1	12	0	19	1	0	12	52
0.8415	1	0	12	19	84	3	1	1	12	0	19	1	0	12	52
0.8415	1	0	11	18	84	3	1	1	12	0	19	1	0	12	52
0.8415	1	0	10	17	84	3	1	1	12	0	19	1	0	12	52
0.8415	1	0	9	16	84	3	1	1	12	0	19	1	0	12	52
0.8415	1	0	8	15	84	3	1	1	12	0	19	1	0	12	52
0.8415	1	0	7	14	84	3	1	1	12	0	19	1	0	12	52
0.8415	1	0	20	1	84	3	1	1	12	0	19	1	0	12	52
0.8415	1	0	19	2	84	3	1	1	12	0	19	1	0	12	52
0.8415	1	0	18	3	84	3	1	1	12	0	19	1	0	12	52
0.8415	1	0	17	4	84	3	1	1	12	0	19	1	0	12	52
0.8415	1	0	16	5	84	3	1	1	12	0	19	1	0	12	52
0.8415	1	0	15	6	84	3	1	1	12	0	19	1	0	12	52
0.8415	1	0	14	7	84	3	1	1	12	0	19	1	0	12	52
0.8415	1	0	1	8	84	3	1	1	12	0	19	1	0	12	52
0.8415	1	0	2	9	84	3	1	1	12	0	19	1	0	12	52
0.8415	1	0	3	10	84	3	1	1	12	0	19	1	0	12	52
0.8415	1	0	4	11	84	3	1	1	12	0	19	1	0	12	52
0.8415	1	0	6	13	84	3	1	1	12	0	19	1	0	12	52
0.8515	1	0	5	12	85	3	1	1	12	0	19	1	0	12	52
0.8515	1	0	13	20	85	3	1	1	12	0	19	1	0	12	52
0.8515	1	0	12	19	85	3	1	1	12	0	19	1	0	12	52
0.8515	1	0	11	18	85	3	1	1	12	0	19	1	0	12	52
0.8515	1	0	10	17	85	3	1	1	12	0	19	1	0	12	52
0.8515	1	0	9	16	85	3	1	1	12	0	19	1	0	12	52
0.8515	1	0	8	15	85	3	1	1	12	0	19	1	0	12	52
0.8515	1	0	7	14	85	3	1	1	12	0	19	1	0	12	52
0.8515	1	0	20	1	85	3	1	1	12	0	19	1	0	12	52
0.8515	1	0	19	2	85	3	1	1	12	0	19	1	0	12	52
0.8515	1	0	18	3	85	3	1	1	12	0	19	1	0	12	52
0.8515	1	0	17	4	85	3	1	1	12	0	19	1	0	12	52
0.8515	1	0	16	5	85	3	1	1	12	0	19	1	0	12	52
0.8515	1	0	15	6	85	3	1	1	12	0	19	1	0	12	52
0.8515	1	0	14	7	85	3	1	1	12	0	19	1	0	12	52
0.8515	1	0	1	8	85	3	1	1	12	0	19	1	0	12	52
0.8515	1	0	2	9	85	3	1	1	12	0	19	1	0	12	52
0.8515	1	0	3	10	85	3	1	1	12	0	19	1	0	12	52
0.8515	1	0	4	11	85	3	1	1	12	0	19	1	0	12	52
0.8515	1	0	6	13	85	3	1	1	12	0	19	1	0	12	52
0.8615	1	0	5	12	86	3	1	1	12	0	19	1	0	12	52
0.8615	1	0	13	20	86	3	1	1	12	0	19	1	0	12	52
0.8615	1	0	12	19	86	3	1	1	12	0	19	1	0	12	52
0.8615	1	0	11	18	86	3	1	1	12	0	19	1	0	12	52
0.8615	1	0	10	17	86	3	1	1	12	0	19	1	0	12	52
0.8615	1	0	9	16	86	3	1	1	12	0	19	1	0	12	52
0.8615	1	0	8	15	86	3	1	1	12	0	19	1	0	12	52
0.8615	1	0	7	14	86	3	1	1	12	0	19	1	0	12	52
0.8615	1	0	20	1	86	3	1	1	12	0	19	1	0	12	52
0.8615	1	0	19	2	86	3	1	1	12	0	19	1	0	12	52
0.8615	1	0	18	3	86	3	1	1	12	0	19	1	0	12	52
0.8615	1	0	17	4	86	3	1	1	12	0	19	1	0	12	52
0.8615	1	0	16	5	86	3	1	1	12	0	19	1	0	12	52
0.8615	1	0	15	6	86	3	1	1	12	0	19	1	0	12	52
0.8615	1	0	14	7	86	3	1	1	12	0	19	1	0	12	52
0.8615	1	0	1	8	86	3	1	1	12	0	19	1	0	12	52
0.8615	1	0	2	9	86	3	1	1	12	0	19	1	0	12	52
0.8615	1	0	3	10	86	3	1	1	12	0	19	1	0	12	52
0.8615	1	0	4	11	86	3	1	1	12	0	19	1	0	12	52
0.8615	1	0	6	13	86	3	1	1	12	0	19	1	0	12	52
0.8715	1	0	5	12	87	3	1	1	12	0	19	1	0	12	52
0.8715	1	0	13	20	87	3	1	1	12	0	19	1	0	12	52
0.8715	1	0	12	19	87	3	1	1	12	0	19	1	0	12	52
0.8715	1	0	11	18	87	3	1	1	12	0	19	1	0	12	52
0.8715	1	0	10	17	87	3	1	1	12	0	19	1	0	12	52
0.8715	1	0	9	16	87	3	1	1	12	0	19	1	0	12	52
0.8715	1	0	8	15	87	3	1	1	12	0	19	1	0	12	52
0.8715	1	0	7	14	87	3	1	1	12	0	19	1	0	12	52
0.8715	1	0	20	1	87	3	1	1	12	0	19	1	0	12	52
0.8715	1	0	19	2	87	3	1	1	12	0	19	1	0	12	52
0.8715	1	0	18	3	87	3	1	1	12	0	19	1	0	12	52
0.8715	1	0	17	4	87	3	1	1	12	0	19	1	0	12	52
0.8715	1	0	16	5	87	3	1	1	12	0	19	1	0	12	52
0.8715	1	0	15	6	87	3	1	1	12	0	19	1	0	12	52
0.8715	1	0	14	7	87	3	1	1	12	0	19	1	0	12	52
0.8715	1	0	1	8	87	3	1	1	12	0	19	1	0	12	52
0.8715	1	0	2	9	87	3	1	1	12	0	19	1	0	12	52
0.8715	1	0	3	10	87	3	1	1	12	0	19	1	0	12	52
0.8715	1	0	4	11	87	3	1	1	12	0	19	1	0	12	52
0.8715	1	0	6	13	87	3	1	1	12	0	19	1	0	12	52
0.8815	1	0	5	12	88	3	1	1	12	0	19	1	0	12	52
0.8815	1	0	13	20	88	3	1	1	12	0	19	1	0	12	52
0.8815	1	0	12	19	88	3	1	1	12	0	19	1	0	12	52
0.8815	1	0	11	18	88	3	1	1	12	0	19	1	0	12	52
0.8815	1	0	10	17	88	3	1	1	12	0	19	1	0	12	52
0.8815	1	0	9	16	88	3	1	1	12	0	19	1	0	12	52
0.8815	1	0	8	15	88	3	1	1	12	0	19	1	0	12	52
0.8815	1	0	7	14	88	3	1	1	12	0	19	1	0	12	52
0.8815	1	0	20	1	88	3	1	1	12	0	19	1	0	12	52
0.8815	1	0	19	2	88	3	1	1	12	0	19	1	0	12	52
0.8815	1	0	18	3	88	3	1	1	12	0	19	1	0	12	52
0.8815	1	0	17	4	88	3	1	1	12	0	19	1	0	12	52
0.8815	1	0	16	5	88	3	1	1	12	0	19	1	0	12	52
0.8815	1	0	15	6	88	3	1	1	12	0	19	1	0	12	52
0.8815	1	0	14	7	88	3	1	1	12	0	19	1	0	12	52
0.8815	1	0	1	8	88	3	1	1	12	0	19	1	0	12	52
0.8815	1	0	2	9	88	3	1	1	12	0	19	1	0	12	52
0.8815	1	0	3	10	88	3	1	1	12	0	19	1	0	12	52
0.8815	1	0	4	11	88	3	1	1	12	0	19	1	0	12	52
0.8815	1	0	6	13	88	3	1	1	12	0	19	1	0	12	52
0.8915	1	0	5	12	89	3	1	1	12	0	19	1	0	12	52
0.8915	1	0	13	20	89	3	1	1	12	0	19	1	0	12	52
0.8915	1	0	12	19	89	3	1	1	12	0	19	1	0	12	52
0.8915	1	0	11	18	89	3	1	1	12	0	19	1	0	12	52
0.8915	1	0	10	17	89	3	1	1	12	0	19	1	0	12	52
0.8915	1	0	9	16	89	3	1	1	12	0	19	1	0	12	52
0.8915	1	0	8	15	89	3	1	1	12	0	19	1	0	12	52
0.8915	1	0	7	14	89	3	1	1	12	0	19	1	0	12	52
0.8915	1	0	20	1	89	3	1	1	12	0	19	1	0	12	52
0.8915	1	0	19	2	89	3	1	1	12	0	19	1	0	12	52
0.8915	1	0	18	3	89	3	1	1	12	0	19	1	0	12	52
0.8915	1	0	17	4	89	3	1	1	12	0	19	1	0	12	52
0.8915	1	0	16	5	89	3	1	1	12	0	19	1	0	12	52
0.8915	1	0	15	6	89	3	1	1	12	0	19	1	0	12	52
0.8915	1	0	14	7	89	3	1	1	12	0	19	1	0	12	52
0.8915	1	0	1	8	89	3	1	1	12	0	19	1	0	12	52
0.8915	1	0	2	9	89	3	1	1	12	0	19	1	0	12	52
0.8915	1	0	3	10	89	3	1	1	12	0	19	1	0	12	52
0.8915	1	0	4	11	89	3	1	1	12	0	19	1	0	12	52
0.8915	1	0	6	13	89	3	1	1	12	0	19	1	0	12	52
0.9015	1	0	5	12	90	3	1	1	12	0	19	1	0	12	52
0.9015	1	0	13	20	90	3	1	1	12	0	19	1	0	12	52
0.9015	1	0	12	19	90	3	1	1	12	0	19	1	0	12	52
0.9015	1	0	11	18	90	3	1	1	12	0	19	1	0	12	52
0.9015	1	0	10	17	90	3	1	1	12	0	19	1	0	12	52
0.9015	1	0	9	16	90	3	1	1	12	0	19	1	0	12	52
0.9015	1	0	8	15	90	3	1	1	12	0	19	1	0	12	52
0.9015	1	0	7	14	90	3	1	1	12	0	19	1	0	12	52
0.9015	1	0	20	1	90	3	1	1	12	0	19	1	0	12	52
0.9015	1	0	19	2	90	3	1	1	12	0	19	1	0	12	52
0.9015	1	0	18	3	90	3	1	1	12	0	19	1	0	12	52
0.9015	1	0	17	4	90	3	1	1	12	0	19	1	0	12	52
0.9015	1	0	16	5	90	3	1	1	12	0	19	1	0	12	52
0.9015	1	0	15	6	90	3	1	1	12	0	19	1	0	12	52
0.9015	1	0	14	7	90	3	1	1	12	0	19	1	0	12	52
0.9015	1	0	1	8	90	3	1	1	12	0	19	1	0	12	52
0.9015	1	0	2	9	90	3	1	1	12	0	19	1	0	12	52
0.9015	1	0	3	10	90	3	1	1	12	0	19	1	0	12	52
0.9015	1	0	4	11	90	3	1	1	12	0	19	1	0	12	52
0.9015	1	0	6	13	90	3	1	1	12	0	19	1	0	12	52
0.9115	1	0	5	12	91	3	1	1	12	0	19	1	0	12	52
0.9115	1	0	13	20	91	3	1	1	12	0	19	1	0	12	52
0.9115	1	0	12	19	91	3	1	1	12	0	19	1	0	12	52
0.9115	1	0	11	18	91	3	1	1	12	0	19	1	0	12	52
0.9115	1	0	10	17	91	3	1	1	12	0	19	1	0	12	52
0.9115	1	0	9	16	91	3	1	1	12	0	19	1	0	12	52
0.9115	1	0	8	15	91	3	1	1	12	0	19	1	0	12	52
0.9115	1	0	7	14	91	3	1	1	12	0	19	1	0	12	52
0.9115	1	0	20	1	91	3	1	1	12	0	19	1	0	12	52
0.9115	1	0	19	2	91	3	1	1	12	0	19	1	0	12	52
0.9115	1	0	18	3	91	3	1	1	12	0	19	1	0	12	52
0.9115	1	0	17	4	91	3	1	1	12	0	19	1	0	12	52
0.9115	1	0	16	5	91	3	1	1	12	0	19	1	0	12	52
0.9115	1	0	15	6	91	3	1	1	12	0	19	1	0	12	52
0.9115	1	0	14	7	91	3	1	1	12	0	19	1	0	12	52
0.9115	1	0	1	8	91	3	1	1	12	0	19	1	0	12	52
0.9115	1	0	2	9	91	3	1	1	12	0	19	1	0	12	52
0.9115	1	0	3	10	91	3	1	1	12	0	19	1	0	12	52
0.9115	1	0	4	11	91	3	1	1	12	0	19	1	0	12	52
0.9115	1	0	6	13	91	3	1	1	12	0	19	1	0	12	52
0.9215	1	0	5	12	92	3	1	1	12	0	19	1	0	12	52
0.9215	1	0	13	20	92	3	1	1	12	0	19	1	0	12	52
0.9215	1	0	12	19	92	3	1	1	12	0	19	1	0	12	52
0.9215	1	0	11	18	92	3	1	1	12	0	19	1	0	12	52
0.9215	1	0	10	17	92	3	1	1	12	0	19	1	0	12	52
0.9215	1	0	9	16	92	3	1	1	12	0	19	1	0	12	52
0.9215	1	0	8	15	92	3	1	1	12	0	19	1	0	12	52
0.9215	1	0	7	14	92	3	1	1	12	0	19	1	0	12	52
0.9215	1	0	20	1	92	3	1	1	12	0	19	1	0	12	52
0.9215	1	0	19	2	92	3	1	1	12	0	19	1	0	12	52
0.9215	1	0	18	3	92	3	1	1	12	0	19	1	0	12	52
0.9215	1	0	17	4	92	3	1	1	12	0	19	1	0	12	52
0.9215	1	0	16	5	92	3	1	1	12	0	19	1	0	12	52
0.9215	1	0	15	6	92	3	1	1	12	0	19	1	0	12	52
0.9215	1	0	14	7	92	3	1	1	12	0	19	1	0	12	52
0.9215	1	0	1	8	92	3	1	1	12	0	19	1	0	12	52
0.9215	1	0	2	9	92	3	1	1	12	0	19	1	0	12	52
0.9215	1	0	3	10	92	3	1	1	12	0	19	1	0	12	52
0.9215	1	0	4	11	92	3	1	1	12	0	19	1	0	12	52
0.9215	1	0	6	13	92	3	1	1	12	0	19	1	0	12	52
0.9315	1	0	5	12	93	3	1	1	12	0	19	1	0	12	52
0.9315	1	0	13	20	93	3	1	1	12	0	19	1	0	12	52
0.9315	1	0	12	19	93	3	1	1	12	0	19	1	0	12	52
0.9315	1	0	11	18	93	3	1	1	12	0	19	1	0	12	52
0.9315	1	0	10	17	93	3	1	1	12	0	19	1	0	12	52
0.9315	1	0	9	16	93	3	1	1	12	0	19	1	0	12	52
0.9315	1	0	8	15	93	3	1	1	12	0	19	1	0	12	52
0.9315	1	0	7	14	93	3	1	1	12	0	19	1	0	12	52
0.9315	1	0	20	1	93	3	1	1	12	0	19	1	0	12	52
0.9315	1	0	19	2	93	3	1	1	12	0	19	1	0	12	52
0.9315	1	0	18	3	93	3	1	1	12	0	19	1	0	12	52
0.9315	1	0	17	4	93	3	1	1	12	0	19	1	0	12	52
0.9315	1	0	16	5	93	3	1	1	12	0	19	1	0	12	52
0.9315	1	0	15	6	93	3	1	1	12	0	19	1	0	12	52
0.9315	1	0	14	7	93	3	1	1	12	0	19	1	0	12	52
0.9315	1	0	1	8	93	3	1	1	12	0	19	1	0	12	52
0.9315	1	0	2	9	93	3	1	1	12	0	19	1	0	12	52
0.9315	1	0	3	10	93	3	1	1	12	0	19	1	0	12	52
0.9315	1	0	4	11	93	3	1	1	12	0	19	1	0	12	52
0.9315	1	0	6	13	93	3	1	1	12	0	19	1	0	12	52
0.9415	1	0	5	12	94	3	1	1	12	0	19	1	0	12	52
0.9415	1	0	13	20	94	3	1	1	12	0	19	1	0	12	52
0.9415	1	0	12	19	94	3	1	1	12	0	19	1	0	12	52
0.9415	1	0	11	18	94	3	1	1	12	0	19	1	0	12	52
0.9415	1	0	10	17	94	3	1	1	12	0	19	1	0	12	52
0.9415	1	0	9	16	94	3	1	1	12	0	19	1	0	12	52
0.9415	1	0	8	15	94	3	1	1	12	0	19	1	0	12	52
0.9415	1	0	7	14	94	3	1	1	12	0	19	1	0	12	52
0.9415	1	0	20	1	94	3	1	1	12	0	19	1	0	12	52
0.9415	1	0	19	2	94	3	1	1	12	0	19	1	0	12	52
0.9415	1	0	18	3	94	3	1	1	12	0	19	1	0	12	52
0.9415	1	0	17	4	94	3	1	1	12	0	19	1	0	12	52
0.9415	1	0	16	5	94	3	1	1	12	0	19	1	0	12	52
0.9415	1	0	15	6	94	3	1	1	12	0	19	1	0	12	52
0.9415	1	0	14	7	94	3	1	1	12	0	19	1	0	12	52
0.9415	1	0	1	8	94	3	1	1	12	0	19	1	0	12	52
0.9415	1	0	2	9	94	3	1	1	12	0	19	1	0	12	52
0.9415	1	0	3	10	94	3	1	1	12	0	19	1	0	12	52
0.9415	1	0	4	11	94	3	1	1	12	0	19	1	0	12	52
0.9415	1	0	6	13	94	3	1	1	12	0	19	1	0	12	52
0.9515	1	0	5	12	95	3	1	1	12	0	19	1	0	12	52
0.9515	1	0	13	20	95	3	1	1	12	0	19	1	0	12	52
0.9515	1	0	12	19	95	3	1	1	12	0	19	1	0	12	52
0.9515	1	0	11	18	95	3	1	1	12	0	19	1	0	12	52
0.9515	1	0	10	17	95	3	1	1	12	0	19	1	0	12	52
0.9515	1	0	9	16	95	3	1	1	12	0	19	1	0	12	52
0.9515	1	0	8	15	95	3	1	1	12	0	19	1	0	12	52
0.9515	1	0	7	14	95	3	1	1	12	0	19	1	0	12	52
0.9515	1	0	20	1	95	3	1	1	12	0	19	1	0	12	52
0.9515	1	0	19	2	95	3	1	1	12	0	19	1	0	12	52
0.9515	1	0	18	3	95	3	1	1	12	0	19	1	0	12	52
0.9515	1	0	17	4	95	3	1	1	12	0	19	1	0	12	52
0.9515	1	0	16	5	95	3	1	1	12	0	19	1	0	12	52
0.9515	1	0	15	6	95	3	1	1	12	0	19	1	0	12	52
0.9515	1	0	14	7	95	3	1	1	12	0	19	1	0	12	52
0.9515	1	0	1	8	95	3	1	1	12	0	19	1	0	12	52
0.9515	1	0	2	9	95	3	1	1	12	0	19	1	0	12	52
0.9515	1	0	3	10	95	3	1	1	12	0	19	1	0	12	52
0.9515	1	0	4	11	95	3	1	1	12	0	19	1	0	12	52
0.9515	1	0	6	13	95	3	1	1	12	0	19	1	0	12	52
0.9615	1	0	5	12	96	3	1	1	12	0	19	1	0	12	52
0.9615	1	0	13	20	96	3	1	1	12	0	19	1	0	12	52
0.9615	1	0	12	19	96	3	1	1	12	0	19	1	0	12	52
0.9615	1	0	11	18	96	3	1	1	12	0	19	1	0	12	52
0.9615	1	0	10	17	96	3	1	1	12	0	19	1	0	12	52
0.9615	1	0	9	16	96	3	1	1	12	0	19	1	0	12	52
0.9615	1	0	8	15	96	3	1	1	12	0	19	1	0	12	52
0.9615	1	0	7	14	96	3	1	1	12	0	19	1	0	12	52
0.9615	1	0	20	1	96	3	1	1	12	0	19	1	0	12	52
0.9615	1	0	19	2	96	3	1	1	12	0	19	1	0	12	52
0.9615	1	0	18	3	96	3	1	1	12	0	19	1	0	12	52
0.9615	1	0	17	4	96	3	1	1	12	0	19	1	0	12	52
0.9615	1	0	16	5	96	3	1	1	12	0	19	1	0	12	52
0.9615	1	0	15	6	96	3	1	1	12	0	19	1	0	12	52
0.9615	1	0	14	7	96	3	1	1	12	0	19	1	0	12	52
0.9615	1	0	1	8	96	3	1	1	12	0	19	1	0	12	52
0.9615	1	0	2	9	96	3	1	1	12	0	19	1	0	12	52
0.9615	1	0	3	10	96	3	1	1	12	0	19	1	0	12	52
0.9615	1	0	4	11	96	3	1	1	12	0	19	1	0	12	52
0.9615	1	0	6	13	96	3	1	1	12	0	19	1	0	12	52
0.9715	1	0	5	12	97	3	1	1	12	0	19	1	0	12	52
0.9715	1	0	13	20	97	3	1	1	12	0	19	1	0	12	52
0.9715	1	0	12	19	97	3	1	1	12	0	19	1	0	12	52
0.9715	1	0	11	18	97	3	1	1	12	0	19	1	0	12	52
0.9715	1	0	10	17	97	3	1	1	12	0	19	1	0	12	52
0.9715	1	0	9	16	97	3	1	1	12	0	19	1	0	12	52
0.9715	1	0	8	15	97	3	1	1	12	0	19	1	0	12	52
0.9715	1	0	7	14	97	3	1	1	12	0	19	1	0	12	52
0.9715	1	0	20	1	97	3	1	1	12	0	19	1	0	12	52
0.9715	1	0	19	2	97	3	1	1	12	0	19	1	0	12	52
0.9715	1	0	18	3	97	3	1	1	12	0	19	1	0	12	52
0.9715	1	0	17	4	97	3	1	1	12	0	19	1	0	12	52
0.9715	1	0	16	5	97	3	1	1	12	0	19	1	0	12	52
0.9715	1	0	15	6	97	3	1	1	12	0	19	1	0	12	52
0.9715	1	0	14	7	97	3	1	1	12	0	19	1	0	12	52
0.9715	1	0	1	8	97	3	1	1	12	0	19	1	0	12	52
0.9715	1	0	2	9	97	3	1	1	12	0	19	1	0	12	52
0.9715	1	0	3	10	97	3	1	1	12	0	19	1	0	12	52
0.9715	1	0	4	11	97	3	1	1	12	0	19	1	0	12	52
0.9715	1	0	6	13	97	3	1	1	12	0	19	1	0	12	52
0.9815	1	0	5	12	98	3	1	1	12	0	19	1	0	12	52
0.9815	1	0	13	20	98	3	1	1	12	0	19	1	0	12	52
0.9815	1	0	12	19	98	3	1	1	12	0	19	1	0	12	52
0.9815	1	0	11	18	98	3	1	1	12	0	19	1	0	12	52
0.9815	1	0	10	17	98	3	1	1	12	0	19	1	0	12	52
0.9815	1	0	9	16	98	3	1	1	12	0	19	1	0	12	52
0.9815	1	0	8	15	98	3	1	1	12	0	19	1	0	12	52
0.9815	1	0	7	14	98	3	1	1	12	0	19	1	0	12	52
0.9815	1	0	20	1	98	3	1	1	12	0	19	1	0	12	52
0.9815	1	0	19	2	98	3	1	1	12	0	19	1	0	12	52
0.9815	1	0	18	3	98	3	1	1	12	0	19	1	0	12	52
0.9815	1	0	17	4	98	3	1	1	12	0	19	1	0	12	52
0.9815	1	0	16	5	98	3	1	1	12	0	19	1	0	12	52
0.9815	1	0	15	6	98	3	1	1	12	0	19	1	0	12	52
0.9815	1	0	14	7	98	3	1	1	12	0	19	1	0	12	52
0.9815	1	0	1	8	98	3	1	1	12	0	19	1	0	12	52
0.9815	1	0	2	9	98	3	1	1	12	0	19	1	0	12	52
0.9815	1	0	3	10	98	3	1	1	12	0	19	1	0	12	52
0.9815	1	0	4	11	98	3	1	1	12	0	19	1	0	12	52
0.9815	1	0	6	13	98	3	1	1	12	0	19	1	0	12	52
0.9915	1	0	5	12	99	3	1	1	12	0	19	1	0	12	52
0.9915	1	0	13	20	99	3	1	1	12	0	19	1	0	12	52
0.9915	1	0	12	19	99	3	1	1	12	0	19	1	0	12	52
0.9915	1	0	11	18	99	3	1	1	12	0	19	1	0	12	52
0.9915	1	0	10	17	99	3	1	1	12	0	19	1	0	12	52
0.9915	1	0	9	16	99	3	1	1	12	0	19	1	0	12	52
0.9915	1	0	8	15	99	3	1	1	12	0	19	1	0	12	52
0.9915	1	0	7	14	99	3	1	1	12	0	19	1	0	12	52
0.9915	1	0	20	1	99	3	1	1	12	0	19	1	0	12	52
0.9915	1	0	19	2	99	3	1	1	12	0	19	1	0	12	52
0.9915	1	0	18	3	99	3	1	1	12	0	19	1	0	12	52
0.9915	1	0	17	4	99	3	1	1	12	0	19	1	0	12	52
0.9915	1	0	16	5	99	3	1	1	12	0	19	1	0	12	52
0.9915	1	0	15	6	99	3	1	1	12	0	19	1	0	12	52
0.9915	1	0	14	7	99	3	1	1	12	0	19	1	0	12	52
0.9915	1	0	1	8	99	3	1	1	12	0	19	1	0	12	52
0.9915	1	0	2	9	99	3	1	1	12	0	19	1	0	12	52
0.9915	1	0	3	10	99	3	1	1	12	0	19	1	0	12	52
0.9915	1	0	4	11	99	3	1	1	12	0	19	1	0	12	52
0.9915	1	0	6	13	99	3	1	1	12	0	19	1	0	12	52
