Time(sec)	CellId	BwpId	txStreamId 	IMSI	rxStreamId	pathLoss(dB)
0.0169643	1	0	0	1	0	-79.4232
0.0169643	1	0	0	2	0	-89.0202
0.0169643	1	0	0	3	0	-68.4429
0.0169643	1	0	0	4	0	-62.4301
0.0169643	1	0	0	5	0	-65.7281
0.0169643	1	0	0	6	0	-71.9303
0.0169643	1	0	0	7	0	-70.7764
0.0169643	1	0	0	8	0	-54.4914
0.0169643	1	0	0	9	0	-72.8155
0.0169643	1	0	0	10	0	-72.9509
0.0169643	1	0	0	11	0	-75.2934
0.0169643	1	0	0	12	0	-57.7994
0.0169643	1	0	0	13	0	-89.2001
0.0169643	1	0	0	14	0	-63.0225
0.0169643	1	0	0	15	0	-55.3897
0.0169643	1	0	0	16	0	-77.7872
0.0169643	1	0	0	17	0	-73.1548
0.0169643	1	0	0	18	0	-73.4659
0.0169643	1	0	0	19	0	-64.7831
0.0169643	1	0	0	20	0	-57.727
0.101464	1	0	0	1	0	-79.4232
0.101464	1	0	0	2	0	-89.0202
0.101464	1	0	0	3	0	-68.4429
0.101464	1	0	0	4	0	-62.4301
0.101464	1	0	0	5	0	-65.7281
0.101464	1	0	0	6	0	-71.9303
0.101464	1	0	0	7	0	-70.7764
0.101464	1	0	0	8	0	-54.4914
0.101464	1	0	0	9	0	-72.8155
0.101464	1	0	0	10	0	-72.9509
0.101464	1	0	0	11	0	-75.2934
0.101464	1	0	0	12	0	-57.7994
0.101464	1	0	0	13	0	-89.2001
0.101464	1	0	0	14	0	-63.0225
0.101464	1	0	0	15	0	-55.3897
0.101464	1	0	0	16	0	-77.7872
0.101464	1	0	0	17	0	-73.1548
0.101464	1	0	0	18	0	-73.4659
0.101464	1	0	0	19	0	-64.7831
0.101464	1	0	0	20	0	-57.727
0.103536	1	0	0	1	0	-79.4232
0.103536	1	0	0	2	0	-89.0202
0.103536	1	0	0	3	0	-68.4429
0.103536	1	0	0	4	0	-62.4301
0.103536	1	0	0	5	0	-65.7281
0.103536	1	0	0	6	0	-71.9303
0.103536	1	0	0	7	0	-70.7764
0.103536	1	0	0	8	0	-54.4914
0.103536	1	0	0	9	0	-72.8155
0.103536	1	0	0	10	0	-72.9509
0.103536	1	0	0	11	0	-75.2934
0.103536	1	0	0	12	0	-57.7994
0.103536	1	0	0	13	0	-89.2001
0.103536	1	0	0	14	0	-63.0225
0.103536	1	0	0	15	0	-55.3897
0.103536	1	0	0	16	0	-77.7872
0.103536	1	0	0	17	0	-73.1548
0.103536	1	0	0	18	0	-73.4659
0.103536	1	0	0	19	0	-64.7831
0.103536	1	0	0	20	0	-57.727
0.161464	1	0	0	1	0	-79.4232
0.161464	1	0	0	2	0	-89.0202
0.161464	1	0	0	3	0	-68.4429
0.161464	1	0	0	4	0	-62.4301
0.161464	1	0	0	5	0	-65.7281
0.161464	1	0	0	6	0	-71.9303
0.161464	1	0	0	7	0	-70.7764
0.161464	1	0	0	8	0	-54.4914
0.161464	1	0	0	9	0	-72.8155
0.161464	1	0	0	10	0	-72.9509
0.161464	1	0	0	11	0	-75.2934
0.161464	1	0	0	12	0	-57.7994
0.161464	1	0	0	13	0	-89.2001
0.161464	1	0	0	14	0	-63.0225
0.161464	1	0	0	15	0	-55.3897
0.161464	1	0	0	16	0	-77.7872
0.161464	1	0	0	17	0	-73.1548
0.161464	1	0	0	18	0	-73.4659
0.161464	1	0	0	19	0	-64.7831
0.161464	1	0	0	20	0	-57.727
0.163536	1	0	0	1	0	-79.4232
0.163536	1	0	0	2	0	-89.0202
0.163536	1	0	0	3	0	-68.4429
0.163536	1	0	0	4	0	-62.4301
0.163536	1	0	0	5	0	-65.7281
0.163536	1	0	0	6	0	-71.9303
0.163536	1	0	0	7	0	-70.7764
0.163536	1	0	0	8	0	-54.4914
0.163536	1	0	0	9	0	-72.8155
0.163536	1	0	0	10	0	-72.9509
0.163536	1	0	0	11	0	-75.2934
0.163536	1	0	0	12	0	-57.7994
0.163536	1	0	0	13	0	-89.2001
0.163536	1	0	0	14	0	-63.0225
0.163536	1	0	0	15	0	-55.3897
0.163536	1	0	0	16	0	-77.7872
0.163536	1	0	0	17	0	-73.1548
0.163536	1	0	0	18	0	-73.4659
0.163536	1	0	0	19	0	-64.7831
0.163536	1	0	0	20	0	-57.727
0.171464	1	0	0	1	0	-79.4232
0.171464	1	0	0	2	0	-89.0202
0.171464	1	0	0	3	0	-68.4429
0.171464	1	0	0	4	0	-62.4301
0.171464	1	0	0	5	0	-65.7281
0.171464	1	0	0	6	0	-71.9303
0.171464	1	0	0	7	0	-70.7764
0.171464	1	0	0	8	0	-54.4914
0.171464	1	0	0	9	0	-72.8155
0.171464	1	0	0	10	0	-72.9509
0.171464	1	0	0	11	0	-75.2934
0.171464	1	0	0	12	0	-57.7994
0.171464	1	0	0	13	0	-89.2001
0.171464	1	0	0	14	0	-63.0225
0.171464	1	0	0	15	0	-55.3897
0.171464	1	0	0	16	0	-77.7872
0.171464	1	0	0	17	0	-73.1548
0.171464	1	0	0	18	0	-73.4659
0.171464	1	0	0	19	0	-64.7831
0.171464	1	0	0	20	0	-57.727
0.173536	1	0	0	1	0	-79.4232
0.173536	1	0	0	2	0	-89.0202
0.173536	1	0	0	3	0	-68.4429
0.173536	1	0	0	4	0	-62.4301
0.173536	1	0	0	5	0	-65.7281
0.173536	1	0	0	6	0	-71.9303
0.173536	1	0	0	7	0	-70.7764
0.173536	1	0	0	8	0	-54.4914
0.173536	1	0	0	9	0	-72.8155
0.173536	1	0	0	10	0	-72.9509
0.173536	1	0	0	11	0	-75.2934
0.173536	1	0	0	12	0	-57.7994
0.173536	1	0	0	13	0	-89.2001
0.173536	1	0	0	14	0	-63.0225
0.173536	1	0	0	15	0	-55.3897
0.173536	1	0	0	16	0	-77.7872
0.173536	1	0	0	17	0	-73.1548
0.173536	1	0	0	18	0	-73.4659
0.173536	1	0	0	19	0	-64.7831
0.173536	1	0	0	20	0	-57.727
0.181464	1	0	0	1	0	-79.4232
0.181464	1	0	0	2	0	-89.0202
0.181464	1	0	0	3	0	-68.4429
0.181464	1	0	0	4	0	-62.4301
0.181464	1	0	0	5	0	-65.7281
0.181464	1	0	0	6	0	-71.9303
0.181464	1	0	0	7	0	-70.7764
0.181464	1	0	0	8	0	-54.4914
0.181464	1	0	0	9	0	-72.8155
0.181464	1	0	0	10	0	-72.9509
0.181464	1	0	0	11	0	-75.2934
0.181464	1	0	0	12	0	-57.7994
0.181464	1	0	0	13	0	-89.2001
0.181464	1	0	0	14	0	-63.0225
0.181464	1	0	0	15	0	-55.3897
0.181464	1	0	0	16	0	-77.7872
0.181464	1	0	0	17	0	-73.1548
0.181464	1	0	0	18	0	-73.4659
0.181464	1	0	0	19	0	-64.7831
0.181464	1	0	0	20	0	-57.727
0.183536	1	0	0	1	0	-79.4232
0.183536	1	0	0	2	0	-89.0202
0.183536	1	0	0	3	0	-68.4429
0.183536	1	0	0	4	0	-62.4301
0.183536	1	0	0	5	0	-65.7281
0.183536	1	0	0	6	0	-71.9303
0.183536	1	0	0	7	0	-70.7764
0.183536	1	0	0	8	0	-54.4914
0.183536	1	0	0	9	0	-72.8155
0.183536	1	0	0	10	0	-72.9509
0.183536	1	0	0	11	0	-75.2934
0.183536	1	0	0	12	0	-57.7994
0.183536	1	0	0	13	0	-89.2001
0.183536	1	0	0	14	0	-63.0225
0.183536	1	0	0	15	0	-55.3897
0.183536	1	0	0	16	0	-77.7872
0.183536	1	0	0	17	0	-73.1548
0.183536	1	0	0	18	0	-73.4659
0.183536	1	0	0	19	0	-64.7831
0.183536	1	0	0	20	0	-57.727
0.191464	1	0	0	1	0	-79.4232
0.191464	1	0	0	2	0	-89.0202
0.191464	1	0	0	3	0	-68.4429
0.191464	1	0	0	4	0	-62.4301
0.191464	1	0	0	5	0	-65.7281
0.191464	1	0	0	6	0	-71.9303
0.191464	1	0	0	7	0	-70.7764
0.191464	1	0	0	8	0	-54.4914
0.191464	1	0	0	9	0	-72.8155
0.191464	1	0	0	10	0	-72.9509
0.191464	1	0	0	11	0	-75.2934
0.191464	1	0	0	12	0	-57.7994
0.191464	1	0	0	13	0	-89.2001
0.191464	1	0	0	14	0	-63.0225
0.191464	1	0	0	15	0	-55.3897
0.191464	1	0	0	16	0	-77.7872
0.191464	1	0	0	17	0	-73.1548
0.191464	1	0	0	18	0	-73.4659
0.191464	1	0	0	19	0	-64.7831
0.191464	1	0	0	20	0	-57.727
0.193536	1	0	0	1	0	-79.4232
0.193536	1	0	0	2	0	-89.0202
0.193536	1	0	0	3	0	-68.4429
0.193536	1	0	0	4	0	-62.4301
0.193536	1	0	0	5	0	-65.7281
0.193536	1	0	0	6	0	-71.9303
0.193536	1	0	0	7	0	-70.7764
0.193536	1	0	0	8	0	-54.4914
0.193536	1	0	0	9	0	-72.8155
0.193536	1	0	0	10	0	-72.9509
0.193536	1	0	0	11	0	-75.2934
0.193536	1	0	0	12	0	-57.7994
0.193536	1	0	0	13	0	-89.2001
0.193536	1	0	0	14	0	-63.0225
0.193536	1	0	0	15	0	-55.3897
0.193536	1	0	0	16	0	-77.7872
0.193536	1	0	0	17	0	-73.1548
0.193536	1	0	0	18	0	-73.4659
0.193536	1	0	0	19	0	-64.7831
0.193536	1	0	0	20	0	-57.727
0.201464	1	0	0	1	0	-79.4232
0.201464	1	0	0	2	0	-89.0202
0.201464	1	0	0	3	0	-68.4429
0.201464	1	0	0	4	0	-62.4301
0.201464	1	0	0	5	0	-65.7281
0.201464	1	0	0	6	0	-71.9303
0.201464	1	0	0	7	0	-70.7764
0.201464	1	0	0	8	0	-54.4914
0.201464	1	0	0	9	0	-72.8155
0.201464	1	0	0	10	0	-72.9509
0.201464	1	0	0	11	0	-75.2934
0.201464	1	0	0	12	0	-57.7994
0.201464	1	0	0	13	0	-89.2001
0.201464	1	0	0	14	0	-63.0225
0.201464	1	0	0	15	0	-55.3897
0.201464	1	0	0	16	0	-77.7872
0.201464	1	0	0	17	0	-73.1548
0.201464	1	0	0	18	0	-73.4659
0.201464	1	0	0	19	0	-64.7831
0.201464	1	0	0	20	0	-57.727
0.203536	1	0	0	1	0	-79.4232
0.203536	1	0	0	2	0	-89.0202
0.203536	1	0	0	3	0	-68.4429
0.203536	1	0	0	4	0	-62.4301
0.203536	1	0	0	5	0	-65.7281
0.203536	1	0	0	6	0	-71.9303
0.203536	1	0	0	7	0	-70.7764
0.203536	1	0	0	8	0	-54.4914
0.203536	1	0	0	9	0	-72.8155
0.203536	1	0	0	10	0	-72.9509
0.203536	1	0	0	11	0	-75.2934
0.203536	1	0	0	12	0	-57.7994
0.203536	1	0	0	13	0	-89.2001
0.203536	1	0	0	14	0	-63.0225
0.203536	1	0	0	15	0	-55.3897
0.203536	1	0	0	16	0	-77.7872
0.203536	1	0	0	17	0	-73.1548
0.203536	1	0	0	18	0	-73.4659
0.203536	1	0	0	19	0	-64.7831
0.203536	1	0	0	20	0	-57.727
0.211464	1	0	0	1	0	-79.4232
0.211464	1	0	0	2	0	-89.0202
0.211464	1	0	0	3	0	-68.4429
0.211464	1	0	0	4	0	-62.4301
0.211464	1	0	0	5	0	-65.7281
0.211464	1	0	0	6	0	-71.9303
0.211464	1	0	0	7	0	-70.7764
0.211464	1	0	0	8	0	-54.4914
0.211464	1	0	0	9	0	-72.8155
0.211464	1	0	0	10	0	-72.9509
0.211464	1	0	0	11	0	-75.2934
0.211464	1	0	0	12	0	-57.7994
0.211464	1	0	0	13	0	-89.2001
0.211464	1	0	0	14	0	-63.0225
0.211464	1	0	0	15	0	-55.3897
0.211464	1	0	0	16	0	-77.7872
0.211464	1	0	0	17	0	-73.1548
0.211464	1	0	0	18	0	-73.4659
0.211464	1	0	0	19	0	-64.7831
0.211464	1	0	0	20	0	-57.727
0.213536	1	0	0	1	0	-79.4232
0.213536	1	0	0	2	0	-89.0202
0.213536	1	0	0	3	0	-68.4429
0.213536	1	0	0	4	0	-62.4301
0.213536	1	0	0	5	0	-65.7281
0.213536	1	0	0	6	0	-71.9303
0.213536	1	0	0	7	0	-70.7764
0.213536	1	0	0	8	0	-54.4914
0.213536	1	0	0	9	0	-72.8155
0.213536	1	0	0	10	0	-72.9509
0.213536	1	0	0	11	0	-75.2934
0.213536	1	0	0	12	0	-57.7994
0.213536	1	0	0	13	0	-89.2001
0.213536	1	0	0	14	0	-63.0225
0.213536	1	0	0	15	0	-55.3897
0.213536	1	0	0	16	0	-77.7872
0.213536	1	0	0	17	0	-73.1548
0.213536	1	0	0	18	0	-73.4659
0.213536	1	0	0	19	0	-64.7831
0.213536	1	0	0	20	0	-57.727
0.221464	1	0	0	1	0	-79.4232
0.221464	1	0	0	2	0	-89.0202
0.221464	1	0	0	3	0	-68.4429
0.221464	1	0	0	4	0	-62.4301
0.221464	1	0	0	5	0	-65.7281
0.221464	1	0	0	6	0	-71.9303
0.221464	1	0	0	7	0	-70.7764
0.221464	1	0	0	8	0	-54.4914
0.221464	1	0	0	9	0	-72.8155
0.221464	1	0	0	10	0	-72.9509
0.221464	1	0	0	11	0	-75.2934
0.221464	1	0	0	12	0	-57.7994
0.221464	1	0	0	13	0	-89.2001
0.221464	1	0	0	14	0	-63.0225
0.221464	1	0	0	15	0	-55.3897
0.221464	1	0	0	16	0	-77.7872
0.221464	1	0	0	17	0	-73.1548
0.221464	1	0	0	18	0	-73.4659
0.221464	1	0	0	19	0	-64.7831
0.221464	1	0	0	20	0	-57.727
0.223536	1	0	0	1	0	-79.4232
0.223536	1	0	0	2	0	-89.0202
0.223536	1	0	0	3	0	-68.4429
0.223536	1	0	0	4	0	-62.4301
0.223536	1	0	0	5	0	-65.7281
0.223536	1	0	0	6	0	-71.9303
0.223536	1	0	0	7	0	-70.7764
0.223536	1	0	0	8	0	-54.4914
0.223536	1	0	0	9	0	-72.8155
0.223536	1	0	0	10	0	-72.9509
0.223536	1	0	0	11	0	-75.2934
0.223536	1	0	0	12	0	-57.7994
0.223536	1	0	0	13	0	-89.2001
0.223536	1	0	0	14	0	-63.0225
0.223536	1	0	0	15	0	-55.3897
0.223536	1	0	0	16	0	-77.7872
0.223536	1	0	0	17	0	-73.1548
0.223536	1	0	0	18	0	-73.4659
0.223536	1	0	0	19	0	-64.7831
0.223536	1	0	0	20	0	-57.727
0.231464	1	0	0	1	0	-79.4232
0.231464	1	0	0	2	0	-89.0202
0.231464	1	0	0	3	0	-68.4429
0.231464	1	0	0	4	0	-62.4301
0.231464	1	0	0	5	0	-65.7281
0.231464	1	0	0	6	0	-71.9303
0.231464	1	0	0	7	0	-70.7764
0.231464	1	0	0	8	0	-54.4914
0.231464	1	0	0	9	0	-72.8155
0.231464	1	0	0	10	0	-72.9509
0.231464	1	0	0	11	0	-75.2934
0.231464	1	0	0	12	0	-57.7994
0.231464	1	0	0	13	0	-89.2001
0.231464	1	0	0	14	0	-63.0225
0.231464	1	0	0	15	0	-55.3897
0.231464	1	0	0	16	0	-77.7872
0.231464	1	0	0	17	0	-73.1548
0.231464	1	0	0	18	0	-73.4659
0.231464	1	0	0	19	0	-64.7831
0.231464	1	0	0	20	0	-57.727
0.233536	1	0	0	1	0	-79.4232
0.233536	1	0	0	2	0	-89.0202
0.233536	1	0	0	3	0	-68.4429
0.233536	1	0	0	4	0	-62.4301
0.233536	1	0	0	5	0	-65.7281
0.233536	1	0	0	6	0	-71.9303
0.233536	1	0	0	7	0	-70.7764
0.233536	1	0	0	8	0	-54.4914
0.233536	1	0	0	9	0	-72.8155
0.233536	1	0	0	10	0	-72.9509
0.233536	1	0	0	11	0	-75.2934
0.233536	1	0	0	12	0	-57.7994
0.233536	1	0	0	13	0	-89.2001
0.233536	1	0	0	14	0	-63.0225
0.233536	1	0	0	15	0	-55.3897
0.233536	1	0	0	16	0	-77.7872
0.233536	1	0	0	17	0	-73.1548
0.233536	1	0	0	18	0	-73.4659
0.233536	1	0	0	19	0	-64.7831
0.233536	1	0	0	20	0	-57.727
0.241464	1	0	0	1	0	-79.4232
0.241464	1	0	0	2	0	-89.0202
0.241464	1	0	0	3	0	-68.4429
0.241464	1	0	0	4	0	-62.4301
0.241464	1	0	0	5	0	-65.7281
0.241464	1	0	0	6	0	-71.9303
0.241464	1	0	0	7	0	-70.7764
0.241464	1	0	0	8	0	-54.4914
0.241464	1	0	0	9	0	-72.8155
0.241464	1	0	0	10	0	-72.9509
0.241464	1	0	0	11	0	-75.2934
0.241464	1	0	0	12	0	-57.7994
0.241464	1	0	0	13	0	-89.2001
0.241464	1	0	0	14	0	-63.0225
0.241464	1	0	0	15	0	-55.3897
0.241464	1	0	0	16	0	-77.7872
0.241464	1	0	0	17	0	-73.1548
0.241464	1	0	0	18	0	-73.4659
0.241464	1	0	0	19	0	-64.7831
0.241464	1	0	0	20	0	-57.727
0.243536	1	0	0	1	0	-79.4232
0.243536	1	0	0	2	0	-89.0202
0.243536	1	0	0	3	0	-68.4429
0.243536	1	0	0	4	0	-62.4301
0.243536	1	0	0	5	0	-65.7281
0.243536	1	0	0	6	0	-71.9303
0.243536	1	0	0	7	0	-70.7764
0.243536	1	0	0	8	0	-54.4914
0.243536	1	0	0	9	0	-72.8155
0.243536	1	0	0	10	0	-72.9509
0.243536	1	0	0	11	0	-75.2934
0.243536	1	0	0	12	0	-57.7994
0.243536	1	0	0	13	0	-89.2001
0.243536	1	0	0	14	0	-63.0225
0.243536	1	0	0	15	0	-55.3897
0.243536	1	0	0	16	0	-77.7872
0.243536	1	0	0	17	0	-73.1548
0.243536	1	0	0	18	0	-73.4659
0.243536	1	0	0	19	0	-64.7831
0.243536	1	0	0	20	0	-57.727
0.251464	1	0	0	1	0	-79.4232
0.251464	1	0	0	2	0	-89.0202
0.251464	1	0	0	3	0	-68.4429
0.251464	1	0	0	4	0	-62.4301
0.251464	1	0	0	5	0	-65.7281
0.251464	1	0	0	6	0	-71.9303
0.251464	1	0	0	7	0	-70.7764
0.251464	1	0	0	8	0	-54.4914
0.251464	1	0	0	9	0	-72.8155
0.251464	1	0	0	10	0	-72.9509
0.251464	1	0	0	11	0	-75.2934
0.251464	1	0	0	12	0	-57.7994
0.251464	1	0	0	13	0	-89.2001
0.251464	1	0	0	14	0	-63.0225
0.251464	1	0	0	15	0	-55.3897
0.251464	1	0	0	16	0	-77.7872
0.251464	1	0	0	17	0	-73.1548
0.251464	1	0	0	18	0	-73.4659
0.251464	1	0	0	19	0	-64.7831
0.251464	1	0	0	20	0	-57.727
0.253536	1	0	0	1	0	-79.4232
0.253536	1	0	0	2	0	-89.0202
0.253536	1	0	0	3	0	-68.4429
0.253536	1	0	0	4	0	-62.4301
0.253536	1	0	0	5	0	-65.7281
0.253536	1	0	0	6	0	-71.9303
0.253536	1	0	0	7	0	-70.7764
0.253536	1	0	0	8	0	-54.4914
0.253536	1	0	0	9	0	-72.8155
0.253536	1	0	0	10	0	-72.9509
0.253536	1	0	0	11	0	-75.2934
0.253536	1	0	0	12	0	-57.7994
0.253536	1	0	0	13	0	-89.2001
0.253536	1	0	0	14	0	-63.0225
0.253536	1	0	0	15	0	-55.3897
0.253536	1	0	0	16	0	-77.7872
0.253536	1	0	0	17	0	-73.1548
0.253536	1	0	0	18	0	-73.4659
0.253536	1	0	0	19	0	-64.7831
0.253536	1	0	0	20	0	-57.727
0.261464	1	0	0	1	0	-79.4232
0.261464	1	0	0	2	0	-89.0202
0.261464	1	0	0	3	0	-68.4429
0.261464	1	0	0	4	0	-62.4301
0.261464	1	0	0	5	0	-65.7281
0.261464	1	0	0	6	0	-71.9303
0.261464	1	0	0	7	0	-70.7764
0.261464	1	0	0	8	0	-54.4914
0.261464	1	0	0	9	0	-72.8155
0.261464	1	0	0	10	0	-72.9509
0.261464	1	0	0	11	0	-75.2934
0.261464	1	0	0	12	0	-57.7994
0.261464	1	0	0	13	0	-89.2001
0.261464	1	0	0	14	0	-63.0225
0.261464	1	0	0	15	0	-55.3897
0.261464	1	0	0	16	0	-77.7872
0.261464	1	0	0	17	0	-73.1548
0.261464	1	0	0	18	0	-73.4659
0.261464	1	0	0	19	0	-64.7831
0.261464	1	0	0	20	0	-57.727
0.263536	1	0	0	1	0	-79.4232
0.263536	1	0	0	2	0	-89.0202
0.263536	1	0	0	3	0	-68.4429
0.263536	1	0	0	4	0	-62.4301
0.263536	1	0	0	5	0	-65.7281
0.263536	1	0	0	6	0	-71.9303
0.263536	1	0	0	7	0	-70.7764
0.263536	1	0	0	8	0	-54.4914
0.263536	1	0	0	9	0	-72.8155
0.263536	1	0	0	10	0	-72.9509
0.263536	1	0	0	11	0	-75.2934
0.263536	1	0	0	12	0	-57.7994
0.263536	1	0	0	13	0	-89.2001
0.263536	1	0	0	14	0	-63.0225
0.263536	1	0	0	15	0	-55.3897
0.263536	1	0	0	16	0	-77.7872
0.263536	1	0	0	17	0	-73.1548
0.263536	1	0	0	18	0	-73.4659
0.263536	1	0	0	19	0	-64.7831
0.263536	1	0	0	20	0	-57.727
0.271464	1	0	0	1	0	-79.4232
0.271464	1	0	0	2	0	-89.0202
0.271464	1	0	0	3	0	-68.4429
0.271464	1	0	0	4	0	-62.4301
0.271464	1	0	0	5	0	-65.7281
0.271464	1	0	0	6	0	-71.9303
0.271464	1	0	0	7	0	-70.7764
0.271464	1	0	0	8	0	-54.4914
0.271464	1	0	0	9	0	-72.8155
0.271464	1	0	0	10	0	-72.9509
0.271464	1	0	0	11	0	-75.2934
0.271464	1	0	0	12	0	-57.7994
0.271464	1	0	0	13	0	-89.2001
0.271464	1	0	0	14	0	-63.0225
0.271464	1	0	0	15	0	-55.3897
0.271464	1	0	0	16	0	-77.7872
0.271464	1	0	0	17	0	-73.1548
0.271464	1	0	0	18	0	-73.4659
0.271464	1	0	0	19	0	-64.7831
0.271464	1	0	0	20	0	-57.727
0.273536	1	0	0	1	0	-79.4232
0.273536	1	0	0	2	0	-89.0202
0.273536	1	0	0	3	0	-68.4429
0.273536	1	0	0	4	0	-62.4301
0.273536	1	0	0	5	0	-65.7281
0.273536	1	0	0	6	0	-71.9303
0.273536	1	0	0	7	0	-70.7764
0.273536	1	0	0	8	0	-54.4914
0.273536	1	0	0	9	0	-72.8155
0.273536	1	0	0	10	0	-72.9509
0.273536	1	0	0	11	0	-75.2934
0.273536	1	0	0	12	0	-57.7994
0.273536	1	0	0	13	0	-89.2001
0.273536	1	0	0	14	0	-63.0225
0.273536	1	0	0	15	0	-55.3897
0.273536	1	0	0	16	0	-77.7872
0.273536	1	0	0	17	0	-73.1548
0.273536	1	0	0	18	0	-73.4659
0.273536	1	0	0	19	0	-64.7831
0.273536	1	0	0	20	0	-57.727
0.281464	1	0	0	1	0	-79.4232
0.281464	1	0	0	2	0	-89.0202
0.281464	1	0	0	3	0	-68.4429
0.281464	1	0	0	4	0	-62.4301
0.281464	1	0	0	5	0	-65.7281
0.281464	1	0	0	6	0	-71.9303
0.281464	1	0	0	7	0	-70.7764
0.281464	1	0	0	8	0	-54.4914
0.281464	1	0	0	9	0	-72.8155
0.281464	1	0	0	10	0	-72.9509
0.281464	1	0	0	11	0	-75.2934
0.281464	1	0	0	12	0	-57.7994
0.281464	1	0	0	13	0	-89.2001
0.281464	1	0	0	14	0	-63.0225
0.281464	1	0	0	15	0	-55.3897
0.281464	1	0	0	16	0	-77.7872
0.281464	1	0	0	17	0	-73.1548
0.281464	1	0	0	18	0	-73.4659
0.281464	1	0	0	19	0	-64.7831
0.281464	1	0	0	20	0	-57.727
0.283536	1	0	0	1	0	-79.4232
0.283536	1	0	0	2	0	-89.0202
0.283536	1	0	0	3	0	-68.4429
0.283536	1	0	0	4	0	-62.4301
0.283536	1	0	0	5	0	-65.7281
0.283536	1	0	0	6	0	-71.9303
0.283536	1	0	0	7	0	-70.7764
0.283536	1	0	0	8	0	-54.4914
0.283536	1	0	0	9	0	-72.8155
0.283536	1	0	0	10	0	-72.9509
0.283536	1	0	0	11	0	-75.2934
0.283536	1	0	0	12	0	-57.7994
0.283536	1	0	0	13	0	-89.2001
0.283536	1	0	0	14	0	-63.0225
0.283536	1	0	0	15	0	-55.3897
0.283536	1	0	0	16	0	-77.7872
0.283536	1	0	0	17	0	-73.1548
0.283536	1	0	0	18	0	-73.4659
0.283536	1	0	0	19	0	-64.7831
0.283536	1	0	0	20	0	-57.727
0.291464	1	0	0	1	0	-79.4232
0.291464	1	0	0	2	0	-89.0202
0.291464	1	0	0	3	0	-68.4429
0.291464	1	0	0	4	0	-62.4301
0.291464	1	0	0	5	0	-65.7281
0.291464	1	0	0	6	0	-71.9303
0.291464	1	0	0	7	0	-70.7764
0.291464	1	0	0	8	0	-54.4914
0.291464	1	0	0	9	0	-72.8155
0.291464	1	0	0	10	0	-72.9509
0.291464	1	0	0	11	0	-75.2934
0.291464	1	0	0	12	0	-57.7994
0.291464	1	0	0	13	0	-89.2001
0.291464	1	0	0	14	0	-63.0225
0.291464	1	0	0	15	0	-55.3897
0.291464	1	0	0	16	0	-77.7872
0.291464	1	0	0	17	0	-73.1548
0.291464	1	0	0	18	0	-73.4659
0.291464	1	0	0	19	0	-64.7831
0.291464	1	0	0	20	0	-57.727
0.293536	1	0	0	1	0	-79.4232
0.293536	1	0	0	2	0	-89.0202
0.293536	1	0	0	3	0	-68.4429
0.293536	1	0	0	4	0	-62.4301
0.293536	1	0	0	5	0	-65.7281
0.293536	1	0	0	6	0	-71.9303
0.293536	1	0	0	7	0	-70.7764
0.293536	1	0	0	8	0	-54.4914
0.293536	1	0	0	9	0	-72.8155
0.293536	1	0	0	10	0	-72.9509
0.293536	1	0	0	11	0	-75.2934
0.293536	1	0	0	12	0	-57.7994
0.293536	1	0	0	13	0	-89.2001
0.293536	1	0	0	14	0	-63.0225
0.293536	1	0	0	15	0	-55.3897
0.293536	1	0	0	16	0	-77.7872
0.293536	1	0	0	17	0	-73.1548
0.293536	1	0	0	18	0	-73.4659
0.293536	1	0	0	19	0	-64.7831
0.293536	1	0	0	20	0	-57.727
0.301464	1	0	0	1	0	-79.4232
0.301464	1	0	0	2	0	-89.0202
0.301464	1	0	0	3	0	-68.4429
0.301464	1	0	0	4	0	-62.4301
0.301464	1	0	0	5	0	-65.7281
0.301464	1	0	0	6	0	-71.9303
0.301464	1	0	0	7	0	-70.7764
0.301464	1	0	0	8	0	-54.4914
0.301464	1	0	0	9	0	-72.8155
0.301464	1	0	0	10	0	-72.9509
0.301464	1	0	0	11	0	-75.2934
0.301464	1	0	0	12	0	-57.7994
0.301464	1	0	0	13	0	-89.2001
0.301464	1	0	0	14	0	-63.0225
0.301464	1	0	0	15	0	-55.3897
0.301464	1	0	0	16	0	-77.7872
0.301464	1	0	0	17	0	-73.1548
0.301464	1	0	0	18	0	-73.4659
0.301464	1	0	0	19	0	-64.7831
0.301464	1	0	0	20	0	-57.727
0.303536	1	0	0	1	0	-79.4232
0.303536	1	0	0	2	0	-89.0202
0.303536	1	0	0	3	0	-68.4429
0.303536	1	0	0	4	0	-62.4301
0.303536	1	0	0	5	0	-65.7281
0.303536	1	0	0	6	0	-71.9303
0.303536	1	0	0	7	0	-70.7764
0.303536	1	0	0	8	0	-54.4914
0.303536	1	0	0	9	0	-72.8155
0.303536	1	0	0	10	0	-72.9509
0.303536	1	0	0	11	0	-75.2934
0.303536	1	0	0	12	0	-57.7994
0.303536	1	0	0	13	0	-89.2001
0.303536	1	0	0	14	0	-63.0225
0.303536	1	0	0	15	0	-55.3897
0.303536	1	0	0	16	0	-77.7872
0.303536	1	0	0	17	0	-73.1548
0.303536	1	0	0	18	0	-73.4659
0.303536	1	0	0	19	0	-64.7831
0.303536	1	0	0	20	0	-57.727
0.311464	1	0	0	1	0	-79.4232
0.311464	1	0	0	2	0	-89.0202
0.311464	1	0	0	3	0	-68.4429
0.311464	1	0	0	4	0	-62.4301
0.311464	1	0	0	5	0	-65.7281
0.311464	1	0	0	6	0	-71.9303
0.311464	1	0	0	7	0	-70.7764
0.311464	1	0	0	8	0	-54.4914
0.311464	1	0	0	9	0	-72.8155
0.311464	1	0	0	10	0	-72.9509
0.311464	1	0	0	11	0	-75.2934
0.311464	1	0	0	12	0	-57.7994
0.311464	1	0	0	13	0	-89.2001
0.311464	1	0	0	14	0	-63.0225
0.311464	1	0	0	15	0	-55.3897
0.311464	1	0	0	16	0	-77.7872
0.311464	1	0	0	17	0	-73.1548
0.311464	1	0	0	18	0	-73.4659
0.311464	1	0	0	19	0	-64.7831
0.311464	1	0	0	20	0	-57.727
0.313536	1	0	0	1	0	-79.4232
0.313536	1	0	0	2	0	-89.0202
0.313536	1	0	0	3	0	-68.4429
0.313536	1	0	0	4	0	-62.4301
0.313536	1	0	0	5	0	-65.7281
0.313536	1	0	0	6	0	-71.9303
0.313536	1	0	0	7	0	-70.7764
0.313536	1	0	0	8	0	-54.4914
0.313536	1	0	0	9	0	-72.8155
0.313536	1	0	0	10	0	-72.9509
0.313536	1	0	0	11	0	-75.2934
0.313536	1	0	0	12	0	-57.7994
0.313536	1	0	0	13	0	-89.2001
0.313536	1	0	0	14	0	-63.0225
0.313536	1	0	0	15	0	-55.3897
0.313536	1	0	0	16	0	-77.7872
0.313536	1	0	0	17	0	-73.1548
0.313536	1	0	0	18	0	-73.4659
0.313536	1	0	0	19	0	-64.7831
0.313536	1	0	0	20	0	-57.727
0.321464	1	0	0	1	0	-79.4232
0.321464	1	0	0	2	0	-89.0202
0.321464	1	0	0	3	0	-68.4429
0.321464	1	0	0	4	0	-62.4301
0.321464	1	0	0	5	0	-65.7281
0.321464	1	0	0	6	0	-71.9303
0.321464	1	0	0	7	0	-70.7764
0.321464	1	0	0	8	0	-54.4914
0.321464	1	0	0	9	0	-72.8155
0.321464	1	0	0	10	0	-72.9509
0.321464	1	0	0	11	0	-75.2934
0.321464	1	0	0	12	0	-57.7994
0.321464	1	0	0	13	0	-89.2001
0.321464	1	0	0	14	0	-63.0225
0.321464	1	0	0	15	0	-55.3897
0.321464	1	0	0	16	0	-77.7872
0.321464	1	0	0	17	0	-73.1548
0.321464	1	0	0	18	0	-73.4659
0.321464	1	0	0	19	0	-64.7831
0.321464	1	0	0	20	0	-57.727
0.323536	1	0	0	1	0	-79.4232
0.323536	1	0	0	2	0	-89.0202
0.323536	1	0	0	3	0	-68.4429
0.323536	1	0	0	4	0	-62.4301
0.323536	1	0	0	5	0	-65.7281
0.323536	1	0	0	6	0	-71.9303
0.323536	1	0	0	7	0	-70.7764
0.323536	1	0	0	8	0	-54.4914
0.323536	1	0	0	9	0	-72.8155
0.323536	1	0	0	10	0	-72.9509
0.323536	1	0	0	11	0	-75.2934
0.323536	1	0	0	12	0	-57.7994
0.323536	1	0	0	13	0	-89.2001
0.323536	1	0	0	14	0	-63.0225
0.323536	1	0	0	15	0	-55.3897
0.323536	1	0	0	16	0	-77.7872
0.323536	1	0	0	17	0	-73.1548
0.323536	1	0	0	18	0	-73.4659
0.323536	1	0	0	19	0	-64.7831
0.323536	1	0	0	20	0	-57.727
0.331464	1	0	0	1	0	-79.4232
0.331464	1	0	0	2	0	-89.0202
0.331464	1	0	0	3	0	-68.4429
0.331464	1	0	0	4	0	-62.4301
0.331464	1	0	0	5	0	-65.7281
0.331464	1	0	0	6	0	-71.9303
0.331464	1	0	0	7	0	-70.7764
0.331464	1	0	0	8	0	-54.4914
0.331464	1	0	0	9	0	-72.8155
0.331464	1	0	0	10	0	-72.9509
0.331464	1	0	0	11	0	-75.2934
0.331464	1	0	0	12	0	-57.7994
0.331464	1	0	0	13	0	-89.2001
0.331464	1	0	0	14	0	-63.0225
0.331464	1	0	0	15	0	-55.3897
0.331464	1	0	0	16	0	-77.7872
0.331464	1	0	0	17	0	-73.1548
0.331464	1	0	0	18	0	-73.4659
0.331464	1	0	0	19	0	-64.7831
0.331464	1	0	0	20	0	-57.727
0.333536	1	0	0	1	0	-79.4232
0.333536	1	0	0	2	0	-89.0202
0.333536	1	0	0	3	0	-68.4429
0.333536	1	0	0	4	0	-62.4301
0.333536	1	0	0	5	0	-65.7281
0.333536	1	0	0	6	0	-71.9303
0.333536	1	0	0	7	0	-70.7764
0.333536	1	0	0	8	0	-54.4914
0.333536	1	0	0	9	0	-72.8155
0.333536	1	0	0	10	0	-72.9509
0.333536	1	0	0	11	0	-75.2934
0.333536	1	0	0	12	0	-57.7994
0.333536	1	0	0	13	0	-89.2001
0.333536	1	0	0	14	0	-63.0225
0.333536	1	0	0	15	0	-55.3897
0.333536	1	0	0	16	0	-77.7872
0.333536	1	0	0	17	0	-73.1548
0.333536	1	0	0	18	0	-73.4659
0.333536	1	0	0	19	0	-64.7831
0.333536	1	0	0	20	0	-57.727
0.341464	1	0	0	1	0	-79.4232
0.341464	1	0	0	2	0	-89.0202
0.341464	1	0	0	3	0	-68.4429
0.341464	1	0	0	4	0	-62.4301
0.341464	1	0	0	5	0	-65.7281
0.341464	1	0	0	6	0	-71.9303
0.341464	1	0	0	7	0	-70.7764
0.341464	1	0	0	8	0	-54.4914
0.341464	1	0	0	9	0	-72.8155
0.341464	1	0	0	10	0	-72.9509
0.341464	1	0	0	11	0	-75.2934
0.341464	1	0	0	12	0	-57.7994
0.341464	1	0	0	13	0	-89.2001
0.341464	1	0	0	14	0	-63.0225
0.341464	1	0	0	15	0	-55.3897
0.341464	1	0	0	16	0	-77.7872
0.341464	1	0	0	17	0	-73.1548
0.341464	1	0	0	18	0	-73.4659
0.341464	1	0	0	19	0	-64.7831
0.341464	1	0	0	20	0	-57.727
0.343536	1	0	0	1	0	-79.4232
0.343536	1	0	0	2	0	-89.0202
0.343536	1	0	0	3	0	-68.4429
0.343536	1	0	0	4	0	-62.4301
0.343536	1	0	0	5	0	-65.7281
0.343536	1	0	0	6	0	-71.9303
0.343536	1	0	0	7	0	-70.7764
0.343536	1	0	0	8	0	-54.4914
0.343536	1	0	0	9	0	-72.8155
0.343536	1	0	0	10	0	-72.9509
0.343536	1	0	0	11	0	-75.2934
0.343536	1	0	0	12	0	-57.7994
0.343536	1	0	0	13	0	-89.2001
0.343536	1	0	0	14	0	-63.0225
0.343536	1	0	0	15	0	-55.3897
0.343536	1	0	0	16	0	-77.7872
0.343536	1	0	0	17	0	-73.1548
0.343536	1	0	0	18	0	-73.4659
0.343536	1	0	0	19	0	-64.7831
0.343536	1	0	0	20	0	-57.727
0.351464	1	0	0	1	0	-79.4232
0.351464	1	0	0	2	0	-89.0202
0.351464	1	0	0	3	0	-68.4429
0.351464	1	0	0	4	0	-62.4301
0.351464	1	0	0	5	0	-65.7281
0.351464	1	0	0	6	0	-71.9303
0.351464	1	0	0	7	0	-70.7764
0.351464	1	0	0	8	0	-54.4914
0.351464	1	0	0	9	0	-72.8155
0.351464	1	0	0	10	0	-72.9509
0.351464	1	0	0	11	0	-75.2934
0.351464	1	0	0	12	0	-57.7994
0.351464	1	0	0	13	0	-89.2001
0.351464	1	0	0	14	0	-63.0225
0.351464	1	0	0	15	0	-55.3897
0.351464	1	0	0	16	0	-77.7872
0.351464	1	0	0	17	0	-73.1548
0.351464	1	0	0	18	0	-73.4659
0.351464	1	0	0	19	0	-64.7831
0.351464	1	0	0	20	0	-57.727
0.353536	1	0	0	1	0	-79.4232
0.353536	1	0	0	2	0	-89.0202
0.353536	1	0	0	3	0	-68.4429
0.353536	1	0	0	4	0	-62.4301
0.353536	1	0	0	5	0	-65.7281
0.353536	1	0	0	6	0	-71.9303
0.353536	1	0	0	7	0	-70.7764
0.353536	1	0	0	8	0	-54.4914
0.353536	1	0	0	9	0	-72.8155
0.353536	1	0	0	10	0	-72.9509
0.353536	1	0	0	11	0	-75.2934
0.353536	1	0	0	12	0	-57.7994
0.353536	1	0	0	13	0	-89.2001
0.353536	1	0	0	14	0	-63.0225
0.353536	1	0	0	15	0	-55.3897
0.353536	1	0	0	16	0	-77.7872
0.353536	1	0	0	17	0	-73.1548
0.353536	1	0	0	18	0	-73.4659
0.353536	1	0	0	19	0	-64.7831
0.353536	1	0	0	20	0	-57.727
0.361464	1	0	0	1	0	-79.4232
0.361464	1	0	0	2	0	-89.0202
0.361464	1	0	0	3	0	-68.4429
0.361464	1	0	0	4	0	-62.4301
0.361464	1	0	0	5	0	-65.7281
0.361464	1	0	0	6	0	-71.9303
0.361464	1	0	0	7	0	-70.7764
0.361464	1	0	0	8	0	-54.4914
0.361464	1	0	0	9	0	-72.8155
0.361464	1	0	0	10	0	-72.9509
0.361464	1	0	0	11	0	-75.2934
0.361464	1	0	0	12	0	-57.7994
0.361464	1	0	0	13	0	-89.2001
0.361464	1	0	0	14	0	-63.0225
0.361464	1	0	0	15	0	-55.3897
0.361464	1	0	0	16	0	-77.7872
0.361464	1	0	0	17	0	-73.1548
0.361464	1	0	0	18	0	-73.4659
0.361464	1	0	0	19	0	-64.7831
0.361464	1	0	0	20	0	-57.727
0.363536	1	0	0	1	0	-79.4232
0.363536	1	0	0	2	0	-89.0202
0.363536	1	0	0	3	0	-68.4429
0.363536	1	0	0	4	0	-62.4301
0.363536	1	0	0	5	0	-65.7281
0.363536	1	0	0	6	0	-71.9303
0.363536	1	0	0	7	0	-70.7764
0.363536	1	0	0	8	0	-54.4914
0.363536	1	0	0	9	0	-72.8155
0.363536	1	0	0	10	0	-72.9509
0.363536	1	0	0	11	0	-75.2934
0.363536	1	0	0	12	0	-57.7994
0.363536	1	0	0	13	0	-89.2001
0.363536	1	0	0	14	0	-63.0225
0.363536	1	0	0	15	0	-55.3897
0.363536	1	0	0	16	0	-77.7872
0.363536	1	0	0	17	0	-73.1548
0.363536	1	0	0	18	0	-73.4659
0.363536	1	0	0	19	0	-64.7831
0.363536	1	0	0	20	0	-57.727
0.371464	1	0	0	1	0	-79.4232
0.371464	1	0	0	2	0	-89.0202
0.371464	1	0	0	3	0	-68.4429
0.371464	1	0	0	4	0	-62.4301
0.371464	1	0	0	5	0	-65.7281
0.371464	1	0	0	6	0	-71.9303
0.371464	1	0	0	7	0	-70.7764
0.371464	1	0	0	8	0	-54.4914
0.371464	1	0	0	9	0	-72.8155
0.371464	1	0	0	10	0	-72.9509
0.371464	1	0	0	11	0	-75.2934
0.371464	1	0	0	12	0	-57.7994
0.371464	1	0	0	13	0	-89.2001
0.371464	1	0	0	14	0	-63.0225
0.371464	1	0	0	15	0	-55.3897
0.371464	1	0	0	16	0	-77.7872
0.371464	1	0	0	17	0	-73.1548
0.371464	1	0	0	18	0	-73.4659
0.371464	1	0	0	19	0	-64.7831
0.371464	1	0	0	20	0	-57.727
0.373536	1	0	0	1	0	-79.4232
0.373536	1	0	0	2	0	-89.0202
0.373536	1	0	0	3	0	-68.4429
0.373536	1	0	0	4	0	-62.4301
0.373536	1	0	0	5	0	-65.7281
0.373536	1	0	0	6	0	-71.9303
0.373536	1	0	0	7	0	-70.7764
0.373536	1	0	0	8	0	-54.4914
0.373536	1	0	0	9	0	-72.8155
0.373536	1	0	0	10	0	-72.9509
0.373536	1	0	0	11	0	-75.2934
0.373536	1	0	0	12	0	-57.7994
0.373536	1	0	0	13	0	-89.2001
0.373536	1	0	0	14	0	-63.0225
0.373536	1	0	0	15	0	-55.3897
0.373536	1	0	0	16	0	-77.7872
0.373536	1	0	0	17	0	-73.1548
0.373536	1	0	0	18	0	-73.4659
0.373536	1	0	0	19	0	-64.7831
0.373536	1	0	0	20	0	-57.727
0.381464	1	0	0	1	0	-79.4232
0.381464	1	0	0	2	0	-89.0202
0.381464	1	0	0	3	0	-68.4429
0.381464	1	0	0	4	0	-62.4301
0.381464	1	0	0	5	0	-65.7281
0.381464	1	0	0	6	0	-71.9303
0.381464	1	0	0	7	0	-70.7764
0.381464	1	0	0	8	0	-54.4914
0.381464	1	0	0	9	0	-72.8155
0.381464	1	0	0	10	0	-72.9509
0.381464	1	0	0	11	0	-75.2934
0.381464	1	0	0	12	0	-57.7994
0.381464	1	0	0	13	0	-89.2001
0.381464	1	0	0	14	0	-63.0225
0.381464	1	0	0	15	0	-55.3897
0.381464	1	0	0	16	0	-77.7872
0.381464	1	0	0	17	0	-73.1548
0.381464	1	0	0	18	0	-73.4659
0.381464	1	0	0	19	0	-64.7831
0.381464	1	0	0	20	0	-57.727
0.383536	1	0	0	1	0	-79.4232
0.383536	1	0	0	2	0	-89.0202
0.383536	1	0	0	3	0	-68.4429
0.383536	1	0	0	4	0	-62.4301
0.383536	1	0	0	5	0	-65.7281
0.383536	1	0	0	6	0	-71.9303
0.383536	1	0	0	7	0	-70.7764
0.383536	1	0	0	8	0	-54.4914
0.383536	1	0	0	9	0	-72.8155
0.383536	1	0	0	10	0	-72.9509
0.383536	1	0	0	11	0	-75.2934
0.383536	1	0	0	12	0	-57.7994
0.383536	1	0	0	13	0	-89.2001
0.383536	1	0	0	14	0	-63.0225
0.383536	1	0	0	15	0	-55.3897
0.383536	1	0	0	16	0	-77.7872
0.383536	1	0	0	17	0	-73.1548
0.383536	1	0	0	18	0	-73.4659
0.383536	1	0	0	19	0	-64.7831
0.383536	1	0	0	20	0	-57.727
0.391464	1	0	0	1	0	-79.4232
0.391464	1	0	0	2	0	-89.0202
0.391464	1	0	0	3	0	-68.4429
0.391464	1	0	0	4	0	-62.4301
0.391464	1	0	0	5	0	-65.7281
0.391464	1	0	0	6	0	-71.9303
0.391464	1	0	0	7	0	-70.7764
0.391464	1	0	0	8	0	-54.4914
0.391464	1	0	0	9	0	-72.8155
0.391464	1	0	0	10	0	-72.9509
0.391464	1	0	0	11	0	-75.2934
0.391464	1	0	0	12	0	-57.7994
0.391464	1	0	0	13	0	-89.2001
0.391464	1	0	0	14	0	-63.0225
0.391464	1	0	0	15	0	-55.3897
0.391464	1	0	0	16	0	-77.7872
0.391464	1	0	0	17	0	-73.1548
0.391464	1	0	0	18	0	-73.4659
0.391464	1	0	0	19	0	-64.7831
0.391464	1	0	0	20	0	-57.727
0.393536	1	0	0	1	0	-79.4232
0.393536	1	0	0	2	0	-89.0202
0.393536	1	0	0	3	0	-68.4429
0.393536	1	0	0	4	0	-62.4301
0.393536	1	0	0	5	0	-65.7281
0.393536	1	0	0	6	0	-71.9303
0.393536	1	0	0	7	0	-70.7764
0.393536	1	0	0	8	0	-54.4914
0.393536	1	0	0	9	0	-72.8155
0.393536	1	0	0	10	0	-72.9509
0.393536	1	0	0	11	0	-75.2934
0.393536	1	0	0	12	0	-57.7994
0.393536	1	0	0	13	0	-89.2001
0.393536	1	0	0	14	0	-63.0225
0.393536	1	0	0	15	0	-55.3897
0.393536	1	0	0	16	0	-77.7872
0.393536	1	0	0	17	0	-73.1548
0.393536	1	0	0	18	0	-73.4659
0.393536	1	0	0	19	0	-64.7831
0.393536	1	0	0	20	0	-57.727
0.401464	1	0	0	1	0	-79.4232
0.401464	1	0	0	2	0	-89.0202
0.401464	1	0	0	3	0	-68.4429
0.401464	1	0	0	4	0	-62.4301
0.401464	1	0	0	5	0	-65.7281
0.401464	1	0	0	6	0	-71.9303
0.401464	1	0	0	7	0	-70.7764
0.401464	1	0	0	8	0	-54.4914
0.401464	1	0	0	9	0	-72.8155
0.401464	1	0	0	10	0	-72.9509
0.401464	1	0	0	11	0	-75.2934
0.401464	1	0	0	12	0	-57.7994
0.401464	1	0	0	13	0	-89.2001
0.401464	1	0	0	14	0	-63.0225
0.401464	1	0	0	15	0	-55.3897
0.401464	1	0	0	16	0	-77.7872
0.401464	1	0	0	17	0	-73.1548
0.401464	1	0	0	18	0	-73.4659
0.401464	1	0	0	19	0	-64.7831
0.401464	1	0	0	20	0	-57.727
0.403536	1	0	0	1	0	-79.4232
0.403536	1	0	0	2	0	-89.0202
0.403536	1	0	0	3	0	-68.4429
0.403536	1	0	0	4	0	-62.4301
0.403536	1	0	0	5	0	-65.7281
0.403536	1	0	0	6	0	-71.9303
0.403536	1	0	0	7	0	-70.7764
0.403536	1	0	0	8	0	-54.4914
0.403536	1	0	0	9	0	-72.8155
0.403536	1	0	0	10	0	-72.9509
0.403536	1	0	0	11	0	-75.2934
0.403536	1	0	0	12	0	-57.7994
0.403536	1	0	0	13	0	-89.2001
0.403536	1	0	0	14	0	-63.0225
0.403536	1	0	0	15	0	-55.3897
0.403536	1	0	0	16	0	-77.7872
0.403536	1	0	0	17	0	-73.1548
0.403536	1	0	0	18	0	-73.4659
0.403536	1	0	0	19	0	-64.7831
0.403536	1	0	0	20	0	-57.727
0.411464	1	0	0	1	0	-79.4232
0.411464	1	0	0	2	0	-89.0202
0.411464	1	0	0	3	0	-68.4429
0.411464	1	0	0	4	0	-62.4301
0.411464	1	0	0	5	0	-65.7281
0.411464	1	0	0	6	0	-71.9303
0.411464	1	0	0	7	0	-70.7764
0.411464	1	0	0	8	0	-54.4914
0.411464	1	0	0	9	0	-72.8155
0.411464	1	0	0	10	0	-72.9509
0.411464	1	0	0	11	0	-75.2934
0.411464	1	0	0	12	0	-57.7994
0.411464	1	0	0	13	0	-89.2001
0.411464	1	0	0	14	0	-63.0225
0.411464	1	0	0	15	0	-55.3897
0.411464	1	0	0	16	0	-77.7872
0.411464	1	0	0	17	0	-73.1548
0.411464	1	0	0	18	0	-73.4659
0.411464	1	0	0	19	0	-64.7831
0.411464	1	0	0	20	0	-57.727
0.413536	1	0	0	1	0	-79.4232
0.413536	1	0	0	2	0	-89.0202
0.413536	1	0	0	3	0	-68.4429
0.413536	1	0	0	4	0	-62.4301
0.413536	1	0	0	5	0	-65.7281
0.413536	1	0	0	6	0	-71.9303
0.413536	1	0	0	7	0	-70.7764
0.413536	1	0	0	8	0	-54.4914
0.413536	1	0	0	9	0	-72.8155
0.413536	1	0	0	10	0	-72.9509
0.413536	1	0	0	11	0	-75.2934
0.413536	1	0	0	12	0	-57.7994
0.413536	1	0	0	13	0	-89.2001
0.413536	1	0	0	14	0	-63.0225
0.413536	1	0	0	15	0	-55.3897
0.413536	1	0	0	16	0	-77.7872
0.413536	1	0	0	17	0	-73.1548
0.413536	1	0	0	18	0	-73.4659
0.413536	1	0	0	19	0	-64.7831
0.413536	1	0	0	20	0	-57.727
0.421464	1	0	0	1	0	-79.4232
0.421464	1	0	0	2	0	-89.0202
0.421464	1	0	0	3	0	-68.4429
0.421464	1	0	0	4	0	-62.4301
0.421464	1	0	0	5	0	-65.7281
0.421464	1	0	0	6	0	-71.9303
0.421464	1	0	0	7	0	-70.7764
0.421464	1	0	0	8	0	-54.4914
0.421464	1	0	0	9	0	-72.8155
0.421464	1	0	0	10	0	-72.9509
0.421464	1	0	0	11	0	-75.2934
0.421464	1	0	0	12	0	-57.7994
0.421464	1	0	0	13	0	-89.2001
0.421464	1	0	0	14	0	-63.0225
0.421464	1	0	0	15	0	-55.3897
0.421464	1	0	0	16	0	-77.7872
0.421464	1	0	0	17	0	-73.1548
0.421464	1	0	0	18	0	-73.4659
0.421464	1	0	0	19	0	-64.7831
0.421464	1	0	0	20	0	-57.727
0.423536	1	0	0	1	0	-79.4232
0.423536	1	0	0	2	0	-89.0202
0.423536	1	0	0	3	0	-68.4429
0.423536	1	0	0	4	0	-62.4301
0.423536	1	0	0	5	0	-65.7281
0.423536	1	0	0	6	0	-71.9303
0.423536	1	0	0	7	0	-70.7764
0.423536	1	0	0	8	0	-54.4914
0.423536	1	0	0	9	0	-72.8155
0.423536	1	0	0	10	0	-72.9509
0.423536	1	0	0	11	0	-75.2934
0.423536	1	0	0	12	0	-57.7994
0.423536	1	0	0	13	0	-89.2001
0.423536	1	0	0	14	0	-63.0225
0.423536	1	0	0	15	0	-55.3897
0.423536	1	0	0	16	0	-77.7872
0.423536	1	0	0	17	0	-73.1548
0.423536	1	0	0	18	0	-73.4659
0.423536	1	0	0	19	0	-64.7831
0.423536	1	0	0	20	0	-57.727
0.431464	1	0	0	1	0	-79.4232
0.431464	1	0	0	2	0	-89.0202
0.431464	1	0	0	3	0	-68.4429
0.431464	1	0	0	4	0	-62.4301
0.431464	1	0	0	5	0	-65.7281
0.431464	1	0	0	6	0	-71.9303
0.431464	1	0	0	7	0	-70.7764
0.431464	1	0	0	8	0	-54.4914
0.431464	1	0	0	9	0	-72.8155
0.431464	1	0	0	10	0	-72.9509
0.431464	1	0	0	11	0	-75.2934
0.431464	1	0	0	12	0	-57.7994
0.431464	1	0	0	13	0	-89.2001
0.431464	1	0	0	14	0	-63.0225
0.431464	1	0	0	15	0	-55.3897
0.431464	1	0	0	16	0	-77.7872
0.431464	1	0	0	17	0	-73.1548
0.431464	1	0	0	18	0	-73.4659
0.431464	1	0	0	19	0	-64.7831
0.431464	1	0	0	20	0	-57.727
0.433536	1	0	0	1	0	-79.4232
0.433536	1	0	0	2	0	-89.0202
0.433536	1	0	0	3	0	-68.4429
0.433536	1	0	0	4	0	-62.4301
0.433536	1	0	0	5	0	-65.7281
0.433536	1	0	0	6	0	-71.9303
0.433536	1	0	0	7	0	-70.7764
0.433536	1	0	0	8	0	-54.4914
0.433536	1	0	0	9	0	-72.8155
0.433536	1	0	0	10	0	-72.9509
0.433536	1	0	0	11	0	-75.2934
0.433536	1	0	0	12	0	-57.7994
0.433536	1	0	0	13	0	-89.2001
0.433536	1	0	0	14	0	-63.0225
0.433536	1	0	0	15	0	-55.3897
0.433536	1	0	0	16	0	-77.7872
0.433536	1	0	0	17	0	-73.1548
0.433536	1	0	0	18	0	-73.4659
0.433536	1	0	0	19	0	-64.7831
0.433536	1	0	0	20	0	-57.727
0.441464	1	0	0	1	0	-79.4232
0.441464	1	0	0	2	0	-89.0202
0.441464	1	0	0	3	0	-68.4429
0.441464	1	0	0	4	0	-62.4301
0.441464	1	0	0	5	0	-65.7281
0.441464	1	0	0	6	0	-71.9303
0.441464	1	0	0	7	0	-70.7764
0.441464	1	0	0	8	0	-54.4914
0.441464	1	0	0	9	0	-72.8155
0.441464	1	0	0	10	0	-72.9509
0.441464	1	0	0	11	0	-75.2934
0.441464	1	0	0	12	0	-57.7994
0.441464	1	0	0	13	0	-89.2001
0.441464	1	0	0	14	0	-63.0225
0.441464	1	0	0	15	0	-55.3897
0.441464	1	0	0	16	0	-77.7872
0.441464	1	0	0	17	0	-73.1548
0.441464	1	0	0	18	0	-73.4659
0.441464	1	0	0	19	0	-64.7831
0.441464	1	0	0	20	0	-57.727
0.443536	1	0	0	1	0	-79.4232
0.443536	1	0	0	2	0	-89.0202
0.443536	1	0	0	3	0	-68.4429
0.443536	1	0	0	4	0	-62.4301
0.443536	1	0	0	5	0	-65.7281
0.443536	1	0	0	6	0	-71.9303
0.443536	1	0	0	7	0	-70.7764
0.443536	1	0	0	8	0	-54.4914
0.443536	1	0	0	9	0	-72.8155
0.443536	1	0	0	10	0	-72.9509
0.443536	1	0	0	11	0	-75.2934
0.443536	1	0	0	12	0	-57.7994
0.443536	1	0	0	13	0	-89.2001
0.443536	1	0	0	14	0	-63.0225
0.443536	1	0	0	15	0	-55.3897
0.443536	1	0	0	16	0	-77.7872
0.443536	1	0	0	17	0	-73.1548
0.443536	1	0	0	18	0	-73.4659
0.443536	1	0	0	19	0	-64.7831
0.443536	1	0	0	20	0	-57.727
0.451464	1	0	0	1	0	-79.4232
0.451464	1	0	0	2	0	-89.0202
0.451464	1	0	0	3	0	-68.4429
0.451464	1	0	0	4	0	-62.4301
0.451464	1	0	0	5	0	-65.7281
0.451464	1	0	0	6	0	-71.9303
0.451464	1	0	0	7	0	-70.7764
0.451464	1	0	0	8	0	-54.4914
0.451464	1	0	0	9	0	-72.8155
0.451464	1	0	0	10	0	-72.9509
0.451464	1	0	0	11	0	-75.2934
0.451464	1	0	0	12	0	-57.7994
0.451464	1	0	0	13	0	-89.2001
0.451464	1	0	0	14	0	-63.0225
0.451464	1	0	0	15	0	-55.3897
0.451464	1	0	0	16	0	-77.7872
0.451464	1	0	0	17	0	-73.1548
0.451464	1	0	0	18	0	-73.4659
0.451464	1	0	0	19	0	-64.7831
0.451464	1	0	0	20	0	-57.727
0.453536	1	0	0	1	0	-79.4232
0.453536	1	0	0	2	0	-89.0202
0.453536	1	0	0	3	0	-68.4429
0.453536	1	0	0	4	0	-62.4301
0.453536	1	0	0	5	0	-65.7281
0.453536	1	0	0	6	0	-71.9303
0.453536	1	0	0	7	0	-70.7764
0.453536	1	0	0	8	0	-54.4914
0.453536	1	0	0	9	0	-72.8155
0.453536	1	0	0	10	0	-72.9509
0.453536	1	0	0	11	0	-75.2934
0.453536	1	0	0	12	0	-57.7994
0.453536	1	0	0	13	0	-89.2001
0.453536	1	0	0	14	0	-63.0225
0.453536	1	0	0	15	0	-55.3897
0.453536	1	0	0	16	0	-77.7872
0.453536	1	0	0	17	0	-73.1548
0.453536	1	0	0	18	0	-73.4659
0.453536	1	0	0	19	0	-64.7831
0.453536	1	0	0	20	0	-57.727
0.461464	1	0	0	1	0	-79.4232
0.461464	1	0	0	2	0	-89.0202
0.461464	1	0	0	3	0	-68.4429
0.461464	1	0	0	4	0	-62.4301
0.461464	1	0	0	5	0	-65.7281
0.461464	1	0	0	6	0	-71.9303
0.461464	1	0	0	7	0	-70.7764
0.461464	1	0	0	8	0	-54.4914
0.461464	1	0	0	9	0	-72.8155
0.461464	1	0	0	10	0	-72.9509
0.461464	1	0	0	11	0	-75.2934
0.461464	1	0	0	12	0	-57.7994
0.461464	1	0	0	13	0	-89.2001
0.461464	1	0	0	14	0	-63.0225
0.461464	1	0	0	15	0	-55.3897
0.461464	1	0	0	16	0	-77.7872
0.461464	1	0	0	17	0	-73.1548
0.461464	1	0	0	18	0	-73.4659
0.461464	1	0	0	19	0	-64.7831
0.461464	1	0	0	20	0	-57.727
0.463536	1	0	0	1	0	-79.4232
0.463536	1	0	0	2	0	-89.0202
0.463536	1	0	0	3	0	-68.4429
0.463536	1	0	0	4	0	-62.4301
0.463536	1	0	0	5	0	-65.7281
0.463536	1	0	0	6	0	-71.9303
0.463536	1	0	0	7	0	-70.7764
0.463536	1	0	0	8	0	-54.4914
0.463536	1	0	0	9	0	-72.8155
0.463536	1	0	0	10	0	-72.9509
0.463536	1	0	0	11	0	-75.2934
0.463536	1	0	0	12	0	-57.7994
0.463536	1	0	0	13	0	-89.2001
0.463536	1	0	0	14	0	-63.0225
0.463536	1	0	0	15	0	-55.3897
0.463536	1	0	0	16	0	-77.7872
0.463536	1	0	0	17	0	-73.1548
0.463536	1	0	0	18	0	-73.4659
0.463536	1	0	0	19	0	-64.7831
0.463536	1	0	0	20	0	-57.727
0.471464	1	0	0	1	0	-79.4232
0.471464	1	0	0	2	0	-89.0202
0.471464	1	0	0	3	0	-68.4429
0.471464	1	0	0	4	0	-62.4301
0.471464	1	0	0	5	0	-65.7281
0.471464	1	0	0	6	0	-71.9303
0.471464	1	0	0	7	0	-70.7764
0.471464	1	0	0	8	0	-54.4914
0.471464	1	0	0	9	0	-72.8155
0.471464	1	0	0	10	0	-72.9509
0.471464	1	0	0	11	0	-75.2934
0.471464	1	0	0	12	0	-57.7994
0.471464	1	0	0	13	0	-89.2001
0.471464	1	0	0	14	0	-63.0225
0.471464	1	0	0	15	0	-55.3897
0.471464	1	0	0	16	0	-77.7872
0.471464	1	0	0	17	0	-73.1548
0.471464	1	0	0	18	0	-73.4659
0.471464	1	0	0	19	0	-64.7831
0.471464	1	0	0	20	0	-57.727
0.473536	1	0	0	1	0	-79.4232
0.473536	1	0	0	2	0	-89.0202
0.473536	1	0	0	3	0	-68.4429
0.473536	1	0	0	4	0	-62.4301
0.473536	1	0	0	5	0	-65.7281
0.473536	1	0	0	6	0	-71.9303
0.473536	1	0	0	7	0	-70.7764
0.473536	1	0	0	8	0	-54.4914
0.473536	1	0	0	9	0	-72.8155
0.473536	1	0	0	10	0	-72.9509
0.473536	1	0	0	11	0	-75.2934
0.473536	1	0	0	12	0	-57.7994
0.473536	1	0	0	13	0	-89.2001
0.473536	1	0	0	14	0	-63.0225
0.473536	1	0	0	15	0	-55.3897
0.473536	1	0	0	16	0	-77.7872
0.473536	1	0	0	17	0	-73.1548
0.473536	1	0	0	18	0	-73.4659
0.473536	1	0	0	19	0	-64.7831
0.473536	1	0	0	20	0	-57.727
0.481464	1	0	0	1	0	-79.4232
0.481464	1	0	0	2	0	-89.0202
0.481464	1	0	0	3	0	-68.4429
0.481464	1	0	0	4	0	-62.4301
0.481464	1	0	0	5	0	-65.7281
0.481464	1	0	0	6	0	-71.9303
0.481464	1	0	0	7	0	-70.7764
0.481464	1	0	0	8	0	-54.4914
0.481464	1	0	0	9	0	-72.8155
0.481464	1	0	0	10	0	-72.9509
0.481464	1	0	0	11	0	-75.2934
0.481464	1	0	0	12	0	-57.7994
0.481464	1	0	0	13	0	-89.2001
0.481464	1	0	0	14	0	-63.0225
0.481464	1	0	0	15	0	-55.3897
0.481464	1	0	0	16	0	-77.7872
0.481464	1	0	0	17	0	-73.1548
0.481464	1	0	0	18	0	-73.4659
0.481464	1	0	0	19	0	-64.7831
0.481464	1	0	0	20	0	-57.727
0.483536	1	0	0	1	0	-79.4232
0.483536	1	0	0	2	0	-89.0202
0.483536	1	0	0	3	0	-68.4429
0.483536	1	0	0	4	0	-62.4301
0.483536	1	0	0	5	0	-65.7281
0.483536	1	0	0	6	0	-71.9303
0.483536	1	0	0	7	0	-70.7764
0.483536	1	0	0	8	0	-54.4914
0.483536	1	0	0	9	0	-72.8155
0.483536	1	0	0	10	0	-72.9509
0.483536	1	0	0	11	0	-75.2934
0.483536	1	0	0	12	0	-57.7994
0.483536	1	0	0	13	0	-89.2001
0.483536	1	0	0	14	0	-63.0225
0.483536	1	0	0	15	0	-55.3897
0.483536	1	0	0	16	0	-77.7872
0.483536	1	0	0	17	0	-73.1548
0.483536	1	0	0	18	0	-73.4659
0.483536	1	0	0	19	0	-64.7831
0.483536	1	0	0	20	0	-57.727
0.491464	1	0	0	1	0	-79.4232
0.491464	1	0	0	2	0	-89.0202
0.491464	1	0	0	3	0	-68.4429
0.491464	1	0	0	4	0	-62.4301
0.491464	1	0	0	5	0	-65.7281
0.491464	1	0	0	6	0	-71.9303
0.491464	1	0	0	7	0	-70.7764
0.491464	1	0	0	8	0	-54.4914
0.491464	1	0	0	9	0	-72.8155
0.491464	1	0	0	10	0	-72.9509
0.491464	1	0	0	11	0	-75.2934
0.491464	1	0	0	12	0	-57.7994
0.491464	1	0	0	13	0	-89.2001
0.491464	1	0	0	14	0	-63.0225
0.491464	1	0	0	15	0	-55.3897
0.491464	1	0	0	16	0	-77.7872
0.491464	1	0	0	17	0	-73.1548
0.491464	1	0	0	18	0	-73.4659
0.491464	1	0	0	19	0	-64.7831
0.491464	1	0	0	20	0	-57.727
0.493536	1	0	0	1	0	-79.4232
0.493536	1	0	0	2	0	-89.0202
0.493536	1	0	0	3	0	-68.4429
0.493536	1	0	0	4	0	-62.4301
0.493536	1	0	0	5	0	-65.7281
0.493536	1	0	0	6	0	-71.9303
0.493536	1	0	0	7	0	-70.7764
0.493536	1	0	0	8	0	-54.4914
0.493536	1	0	0	9	0	-72.8155
0.493536	1	0	0	10	0	-72.9509
0.493536	1	0	0	11	0	-75.2934
0.493536	1	0	0	12	0	-57.7994
0.493536	1	0	0	13	0	-89.2001
0.493536	1	0	0	14	0	-63.0225
0.493536	1	0	0	15	0	-55.3897
0.493536	1	0	0	16	0	-77.7872
0.493536	1	0	0	17	0	-73.1548
0.493536	1	0	0	18	0	-73.4659
0.493536	1	0	0	19	0	-64.7831
0.493536	1	0	0	20	0	-57.727
0.501464	1	0	0	1	0	-79.4232
0.501464	1	0	0	2	0	-89.0202
0.501464	1	0	0	3	0	-68.4429
0.501464	1	0	0	4	0	-62.4301
0.501464	1	0	0	5	0	-65.7281
0.501464	1	0	0	6	0	-71.9303
0.501464	1	0	0	7	0	-70.7764
0.501464	1	0	0	8	0	-54.4914
0.501464	1	0	0	9	0	-72.8155
0.501464	1	0	0	10	0	-72.9509
0.501464	1	0	0	11	0	-75.2934
0.501464	1	0	0	12	0	-57.7994
0.501464	1	0	0	13	0	-89.2001
0.501464	1	0	0	14	0	-63.0225
0.501464	1	0	0	15	0	-55.3897
0.501464	1	0	0	16	0	-77.7872
0.501464	1	0	0	17	0	-73.1548
0.501464	1	0	0	18	0	-73.4659
0.501464	1	0	0	19	0	-64.7831
0.501464	1	0	0	20	0	-57.727
0.503536	1	0	0	1	0	-79.4232
0.503536	1	0	0	2	0	-89.0202
0.503536	1	0	0	3	0	-68.4429
0.503536	1	0	0	4	0	-62.4301
0.503536	1	0	0	5	0	-65.7281
0.503536	1	0	0	6	0	-71.9303
0.503536	1	0	0	7	0	-70.7764
0.503536	1	0	0	8	0	-54.4914
0.503536	1	0	0	9	0	-72.8155
0.503536	1	0	0	10	0	-72.9509
0.503536	1	0	0	11	0	-75.2934
0.503536	1	0	0	12	0	-57.7994
0.503536	1	0	0	13	0	-89.2001
0.503536	1	0	0	14	0	-63.0225
0.503536	1	0	0	15	0	-55.3897
0.503536	1	0	0	16	0	-77.7872
0.503536	1	0	0	17	0	-73.1548
0.503536	1	0	0	18	0	-73.4659
0.503536	1	0	0	19	0	-64.7831
0.503536	1	0	0	20	0	-57.727
0.511464	1	0	0	1	0	-79.4232
0.511464	1	0	0	2	0	-89.0202
0.511464	1	0	0	3	0	-68.4429
0.511464	1	0	0	4	0	-62.4301
0.511464	1	0	0	5	0	-65.7281
0.511464	1	0	0	6	0	-71.9303
0.511464	1	0	0	7	0	-70.7764
0.511464	1	0	0	8	0	-54.4914
0.511464	1	0	0	9	0	-72.8155
0.511464	1	0	0	10	0	-72.9509
0.511464	1	0	0	11	0	-75.2934
0.511464	1	0	0	12	0	-57.7994
0.511464	1	0	0	13	0	-89.2001
0.511464	1	0	0	14	0	-63.0225
0.511464	1	0	0	15	0	-55.3897
0.511464	1	0	0	16	0	-77.7872
0.511464	1	0	0	17	0	-73.1548
0.511464	1	0	0	18	0	-73.4659
0.511464	1	0	0	19	0	-64.7831
0.511464	1	0	0	20	0	-57.727
0.513536	1	0	0	1	0	-79.4232
0.513536	1	0	0	2	0	-89.0202
0.513536	1	0	0	3	0	-68.4429
0.513536	1	0	0	4	0	-62.4301
0.513536	1	0	0	5	0	-65.7281
0.513536	1	0	0	6	0	-71.9303
0.513536	1	0	0	7	0	-70.7764
0.513536	1	0	0	8	0	-54.4914
0.513536	1	0	0	9	0	-72.8155
0.513536	1	0	0	10	0	-72.9509
0.513536	1	0	0	11	0	-75.2934
0.513536	1	0	0	12	0	-57.7994
0.513536	1	0	0	13	0	-89.2001
0.513536	1	0	0	14	0	-63.0225
0.513536	1	0	0	15	0	-55.3897
0.513536	1	0	0	16	0	-77.7872
0.513536	1	0	0	17	0	-73.1548
0.513536	1	0	0	18	0	-73.4659
0.513536	1	0	0	19	0	-64.7831
0.513536	1	0	0	20	0	-57.727
0.521464	1	0	0	1	0	-79.4232
0.521464	1	0	0	2	0	-89.0202
0.521464	1	0	0	3	0	-68.4429
0.521464	1	0	0	4	0	-62.4301
0.521464	1	0	0	5	0	-65.7281
0.521464	1	0	0	6	0	-71.9303
0.521464	1	0	0	7	0	-70.7764
0.521464	1	0	0	8	0	-54.4914
0.521464	1	0	0	9	0	-72.8155
0.521464	1	0	0	10	0	-72.9509
0.521464	1	0	0	11	0	-75.2934
0.521464	1	0	0	12	0	-57.7994
0.521464	1	0	0	13	0	-89.2001
0.521464	1	0	0	14	0	-63.0225
0.521464	1	0	0	15	0	-55.3897
0.521464	1	0	0	16	0	-77.7872
0.521464	1	0	0	17	0	-73.1548
0.521464	1	0	0	18	0	-73.4659
0.521464	1	0	0	19	0	-64.7831
0.521464	1	0	0	20	0	-57.727
0.523536	1	0	0	1	0	-79.4232
0.523536	1	0	0	2	0	-89.0202
0.523536	1	0	0	3	0	-68.4429
0.523536	1	0	0	4	0	-62.4301
0.523536	1	0	0	5	0	-65.7281
0.523536	1	0	0	6	0	-71.9303
0.523536	1	0	0	7	0	-70.7764
0.523536	1	0	0	8	0	-54.4914
0.523536	1	0	0	9	0	-72.8155
0.523536	1	0	0	10	0	-72.9509
0.523536	1	0	0	11	0	-75.2934
0.523536	1	0	0	12	0	-57.7994
0.523536	1	0	0	13	0	-89.2001
0.523536	1	0	0	14	0	-63.0225
0.523536	1	0	0	15	0	-55.3897
0.523536	1	0	0	16	0	-77.7872
0.523536	1	0	0	17	0	-73.1548
0.523536	1	0	0	18	0	-73.4659
0.523536	1	0	0	19	0	-64.7831
0.523536	1	0	0	20	0	-57.727
0.531464	1	0	0	1	0	-79.4232
0.531464	1	0	0	2	0	-89.0202
0.531464	1	0	0	3	0	-68.4429
0.531464	1	0	0	4	0	-62.4301
0.531464	1	0	0	5	0	-65.7281
0.531464	1	0	0	6	0	-71.9303
0.531464	1	0	0	7	0	-70.7764
0.531464	1	0	0	8	0	-54.4914
0.531464	1	0	0	9	0	-72.8155
0.531464	1	0	0	10	0	-72.9509
0.531464	1	0	0	11	0	-75.2934
0.531464	1	0	0	12	0	-57.7994
0.531464	1	0	0	13	0	-89.2001
0.531464	1	0	0	14	0	-63.0225
0.531464	1	0	0	15	0	-55.3897
0.531464	1	0	0	16	0	-77.7872
0.531464	1	0	0	17	0	-73.1548
0.531464	1	0	0	18	0	-73.4659
0.531464	1	0	0	19	0	-64.7831
0.531464	1	0	0	20	0	-57.727
0.533536	1	0	0	1	0	-79.4232
0.533536	1	0	0	2	0	-89.0202
0.533536	1	0	0	3	0	-68.4429
0.533536	1	0	0	4	0	-62.4301
0.533536	1	0	0	5	0	-65.7281
0.533536	1	0	0	6	0	-71.9303
0.533536	1	0	0	7	0	-70.7764
0.533536	1	0	0	8	0	-54.4914
0.533536	1	0	0	9	0	-72.8155
0.533536	1	0	0	10	0	-72.9509
0.533536	1	0	0	11	0	-75.2934
0.533536	1	0	0	12	0	-57.7994
0.533536	1	0	0	13	0	-89.2001
0.533536	1	0	0	14	0	-63.0225
0.533536	1	0	0	15	0	-55.3897
0.533536	1	0	0	16	0	-77.7872
0.533536	1	0	0	17	0	-73.1548
0.533536	1	0	0	18	0	-73.4659
0.533536	1	0	0	19	0	-64.7831
0.533536	1	0	0	20	0	-57.727
0.541464	1	0	0	1	0	-79.4232
0.541464	1	0	0	2	0	-89.0202
0.541464	1	0	0	3	0	-68.4429
0.541464	1	0	0	4	0	-62.4301
0.541464	1	0	0	5	0	-65.7281
0.541464	1	0	0	6	0	-71.9303
0.541464	1	0	0	7	0	-70.7764
0.541464	1	0	0	8	0	-54.4914
0.541464	1	0	0	9	0	-72.8155
0.541464	1	0	0	10	0	-72.9509
0.541464	1	0	0	11	0	-75.2934
0.541464	1	0	0	12	0	-57.7994
0.541464	1	0	0	13	0	-89.2001
0.541464	1	0	0	14	0	-63.0225
0.541464	1	0	0	15	0	-55.3897
0.541464	1	0	0	16	0	-77.7872
0.541464	1	0	0	17	0	-73.1548
0.541464	1	0	0	18	0	-73.4659
0.541464	1	0	0	19	0	-64.7831
0.541464	1	0	0	20	0	-57.727
0.543536	1	0	0	1	0	-79.4232
0.543536	1	0	0	2	0	-89.0202
0.543536	1	0	0	3	0	-68.4429
0.543536	1	0	0	4	0	-62.4301
0.543536	1	0	0	5	0	-65.7281
0.543536	1	0	0	6	0	-71.9303
0.543536	1	0	0	7	0	-70.7764
0.543536	1	0	0	8	0	-54.4914
0.543536	1	0	0	9	0	-72.8155
0.543536	1	0	0	10	0	-72.9509
0.543536	1	0	0	11	0	-75.2934
0.543536	1	0	0	12	0	-57.7994
0.543536	1	0	0	13	0	-89.2001
0.543536	1	0	0	14	0	-63.0225
0.543536	1	0	0	15	0	-55.3897
0.543536	1	0	0	16	0	-77.7872
0.543536	1	0	0	17	0	-73.1548
0.543536	1	0	0	18	0	-73.4659
0.543536	1	0	0	19	0	-64.7831
0.543536	1	0	0	20	0	-57.727
0.551464	1	0	0	1	0	-79.4232
0.551464	1	0	0	2	0	-89.0202
0.551464	1	0	0	3	0	-68.4429
0.551464	1	0	0	4	0	-62.4301
0.551464	1	0	0	5	0	-65.7281
0.551464	1	0	0	6	0	-71.9303
0.551464	1	0	0	7	0	-70.7764
0.551464	1	0	0	8	0	-54.4914
0.551464	1	0	0	9	0	-72.8155
0.551464	1	0	0	10	0	-72.9509
0.551464	1	0	0	11	0	-75.2934
0.551464	1	0	0	12	0	-57.7994
0.551464	1	0	0	13	0	-89.2001
0.551464	1	0	0	14	0	-63.0225
0.551464	1	0	0	15	0	-55.3897
0.551464	1	0	0	16	0	-77.7872
0.551464	1	0	0	17	0	-73.1548
0.551464	1	0	0	18	0	-73.4659
0.551464	1	0	0	19	0	-64.7831
0.551464	1	0	0	20	0	-57.727
0.553536	1	0	0	1	0	-79.4232
0.553536	1	0	0	2	0	-89.0202
0.553536	1	0	0	3	0	-68.4429
0.553536	1	0	0	4	0	-62.4301
0.553536	1	0	0	5	0	-65.7281
0.553536	1	0	0	6	0	-71.9303
0.553536	1	0	0	7	0	-70.7764
0.553536	1	0	0	8	0	-54.4914
0.553536	1	0	0	9	0	-72.8155
0.553536	1	0	0	10	0	-72.9509
0.553536	1	0	0	11	0	-75.2934
0.553536	1	0	0	12	0	-57.7994
0.553536	1	0	0	13	0	-89.2001
0.553536	1	0	0	14	0	-63.0225
0.553536	1	0	0	15	0	-55.3897
0.553536	1	0	0	16	0	-77.7872
0.553536	1	0	0	17	0	-73.1548
0.553536	1	0	0	18	0	-73.4659
0.553536	1	0	0	19	0	-64.7831
0.553536	1	0	0	20	0	-57.727
0.561464	1	0	0	1	0	-79.4232
0.561464	1	0	0	2	0	-89.0202
0.561464	1	0	0	3	0	-68.4429
0.561464	1	0	0	4	0	-62.4301
0.561464	1	0	0	5	0	-65.7281
0.561464	1	0	0	6	0	-71.9303
0.561464	1	0	0	7	0	-70.7764
0.561464	1	0	0	8	0	-54.4914
0.561464	1	0	0	9	0	-72.8155
0.561464	1	0	0	10	0	-72.9509
0.561464	1	0	0	11	0	-75.2934
0.561464	1	0	0	12	0	-57.7994
0.561464	1	0	0	13	0	-89.2001
0.561464	1	0	0	14	0	-63.0225
0.561464	1	0	0	15	0	-55.3897
0.561464	1	0	0	16	0	-77.7872
0.561464	1	0	0	17	0	-73.1548
0.561464	1	0	0	18	0	-73.4659
0.561464	1	0	0	19	0	-64.7831
0.561464	1	0	0	20	0	-57.727
0.563536	1	0	0	1	0	-79.4232
0.563536	1	0	0	2	0	-89.0202
0.563536	1	0	0	3	0	-68.4429
0.563536	1	0	0	4	0	-62.4301
0.563536	1	0	0	5	0	-65.7281
0.563536	1	0	0	6	0	-71.9303
0.563536	1	0	0	7	0	-70.7764
0.563536	1	0	0	8	0	-54.4914
0.563536	1	0	0	9	0	-72.8155
0.563536	1	0	0	10	0	-72.9509
0.563536	1	0	0	11	0	-75.2934
0.563536	1	0	0	12	0	-57.7994
0.563536	1	0	0	13	0	-89.2001
0.563536	1	0	0	14	0	-63.0225
0.563536	1	0	0	15	0	-55.3897
0.563536	1	0	0	16	0	-77.7872
0.563536	1	0	0	17	0	-73.1548
0.563536	1	0	0	18	0	-73.4659
0.563536	1	0	0	19	0	-64.7831
0.563536	1	0	0	20	0	-57.727
0.571464	1	0	0	1	0	-79.4232
0.571464	1	0	0	2	0	-89.0202
0.571464	1	0	0	3	0	-68.4429
0.571464	1	0	0	4	0	-62.4301
0.571464	1	0	0	5	0	-65.7281
0.571464	1	0	0	6	0	-71.9303
0.571464	1	0	0	7	0	-70.7764
0.571464	1	0	0	8	0	-54.4914
0.571464	1	0	0	9	0	-72.8155
0.571464	1	0	0	10	0	-72.9509
0.571464	1	0	0	11	0	-75.2934
0.571464	1	0	0	12	0	-57.7994
0.571464	1	0	0	13	0	-89.2001
0.571464	1	0	0	14	0	-63.0225
0.571464	1	0	0	15	0	-55.3897
0.571464	1	0	0	16	0	-77.7872
0.571464	1	0	0	17	0	-73.1548
0.571464	1	0	0	18	0	-73.4659
0.571464	1	0	0	19	0	-64.7831
0.571464	1	0	0	20	0	-57.727
0.573536	1	0	0	1	0	-79.4232
0.573536	1	0	0	2	0	-89.0202
0.573536	1	0	0	3	0	-68.4429
0.573536	1	0	0	4	0	-62.4301
0.573536	1	0	0	5	0	-65.7281
0.573536	1	0	0	6	0	-71.9303
0.573536	1	0	0	7	0	-70.7764
0.573536	1	0	0	8	0	-54.4914
0.573536	1	0	0	9	0	-72.8155
0.573536	1	0	0	10	0	-72.9509
0.573536	1	0	0	11	0	-75.2934
0.573536	1	0	0	12	0	-57.7994
0.573536	1	0	0	13	0	-89.2001
0.573536	1	0	0	14	0	-63.0225
0.573536	1	0	0	15	0	-55.3897
0.573536	1	0	0	16	0	-77.7872
0.573536	1	0	0	17	0	-73.1548
0.573536	1	0	0	18	0	-73.4659
0.573536	1	0	0	19	0	-64.7831
0.573536	1	0	0	20	0	-57.727
0.581464	1	0	0	1	0	-79.4232
0.581464	1	0	0	2	0	-89.0202
0.581464	1	0	0	3	0	-68.4429
0.581464	1	0	0	4	0	-62.4301
0.581464	1	0	0	5	0	-65.7281
0.581464	1	0	0	6	0	-71.9303
0.581464	1	0	0	7	0	-70.7764
0.581464	1	0	0	8	0	-54.4914
0.581464	1	0	0	9	0	-72.8155
0.581464	1	0	0	10	0	-72.9509
0.581464	1	0	0	11	0	-75.2934
0.581464	1	0	0	12	0	-57.7994
0.581464	1	0	0	13	0	-89.2001
0.581464	1	0	0	14	0	-63.0225
0.581464	1	0	0	15	0	-55.3897
0.581464	1	0	0	16	0	-77.7872
0.581464	1	0	0	17	0	-73.1548
0.581464	1	0	0	18	0	-73.4659
0.581464	1	0	0	19	0	-64.7831
0.581464	1	0	0	20	0	-57.727
0.583536	1	0	0	1	0	-79.4232
0.583536	1	0	0	2	0	-89.0202
0.583536	1	0	0	3	0	-68.4429
0.583536	1	0	0	4	0	-62.4301
0.583536	1	0	0	5	0	-65.7281
0.583536	1	0	0	6	0	-71.9303
0.583536	1	0	0	7	0	-70.7764
0.583536	1	0	0	8	0	-54.4914
0.583536	1	0	0	9	0	-72.8155
0.583536	1	0	0	10	0	-72.9509
0.583536	1	0	0	11	0	-75.2934
0.583536	1	0	0	12	0	-57.7994
0.583536	1	0	0	13	0	-89.2001
0.583536	1	0	0	14	0	-63.0225
0.583536	1	0	0	15	0	-55.3897
0.583536	1	0	0	16	0	-77.7872
0.583536	1	0	0	17	0	-73.1548
0.583536	1	0	0	18	0	-73.4659
0.583536	1	0	0	19	0	-64.7831
0.583536	1	0	0	20	0	-57.727
0.591464	1	0	0	1	0	-79.4232
0.591464	1	0	0	2	0	-89.0202
0.591464	1	0	0	3	0	-68.4429
0.591464	1	0	0	4	0	-62.4301
0.591464	1	0	0	5	0	-65.7281
0.591464	1	0	0	6	0	-71.9303
0.591464	1	0	0	7	0	-70.7764
0.591464	1	0	0	8	0	-54.4914
0.591464	1	0	0	9	0	-72.8155
0.591464	1	0	0	10	0	-72.9509
0.591464	1	0	0	11	0	-75.2934
0.591464	1	0	0	12	0	-57.7994
0.591464	1	0	0	13	0	-89.2001
0.591464	1	0	0	14	0	-63.0225
0.591464	1	0	0	15	0	-55.3897
0.591464	1	0	0	16	0	-77.7872
0.591464	1	0	0	17	0	-73.1548
0.591464	1	0	0	18	0	-73.4659
0.591464	1	0	0	19	0	-64.7831
0.591464	1	0	0	20	0	-57.727
0.593536	1	0	0	1	0	-79.4232
0.593536	1	0	0	2	0	-89.0202
0.593536	1	0	0	3	0	-68.4429
0.593536	1	0	0	4	0	-62.4301
0.593536	1	0	0	5	0	-65.7281
0.593536	1	0	0	6	0	-71.9303
0.593536	1	0	0	7	0	-70.7764
0.593536	1	0	0	8	0	-54.4914
0.593536	1	0	0	9	0	-72.8155
0.593536	1	0	0	10	0	-72.9509
0.593536	1	0	0	11	0	-75.2934
0.593536	1	0	0	12	0	-57.7994
0.593536	1	0	0	13	0	-89.2001
0.593536	1	0	0	14	0	-63.0225
0.593536	1	0	0	15	0	-55.3897
0.593536	1	0	0	16	0	-77.7872
0.593536	1	0	0	17	0	-73.1548
0.593536	1	0	0	18	0	-73.4659
0.593536	1	0	0	19	0	-64.7831
0.593536	1	0	0	20	0	-57.727
0.601464	1	0	0	1	0	-79.4232
0.601464	1	0	0	2	0	-89.0202
0.601464	1	0	0	3	0	-68.4429
0.601464	1	0	0	4	0	-62.4301
0.601464	1	0	0	5	0	-65.7281
0.601464	1	0	0	6	0	-71.9303
0.601464	1	0	0	7	0	-70.7764
0.601464	1	0	0	8	0	-54.4914
0.601464	1	0	0	9	0	-72.8155
0.601464	1	0	0	10	0	-72.9509
0.601464	1	0	0	11	0	-75.2934
0.601464	1	0	0	12	0	-57.7994
0.601464	1	0	0	13	0	-89.2001
0.601464	1	0	0	14	0	-63.0225
0.601464	1	0	0	15	0	-55.3897
0.601464	1	0	0	16	0	-77.7872
0.601464	1	0	0	17	0	-73.1548
0.601464	1	0	0	18	0	-73.4659
0.601464	1	0	0	19	0	-64.7831
0.601464	1	0	0	20	0	-57.727
0.603536	1	0	0	1	0	-79.4232
0.603536	1	0	0	2	0	-89.0202
0.603536	1	0	0	3	0	-68.4429
0.603536	1	0	0	4	0	-62.4301
0.603536	1	0	0	5	0	-65.7281
0.603536	1	0	0	6	0	-71.9303
0.603536	1	0	0	7	0	-70.7764
0.603536	1	0	0	8	0	-54.4914
0.603536	1	0	0	9	0	-72.8155
0.603536	1	0	0	10	0	-72.9509
0.603536	1	0	0	11	0	-75.2934
0.603536	1	0	0	12	0	-57.7994
0.603536	1	0	0	13	0	-89.2001
0.603536	1	0	0	14	0	-63.0225
0.603536	1	0	0	15	0	-55.3897
0.603536	1	0	0	16	0	-77.7872
0.603536	1	0	0	17	0	-73.1548
0.603536	1	0	0	18	0	-73.4659
0.603536	1	0	0	19	0	-64.7831
0.603536	1	0	0	20	0	-57.727
0.611464	1	0	0	1	0	-79.4232
0.611464	1	0	0	2	0	-89.0202
0.611464	1	0	0	3	0	-68.4429
0.611464	1	0	0	4	0	-62.4301
0.611464	1	0	0	5	0	-65.7281
0.611464	1	0	0	6	0	-71.9303
0.611464	1	0	0	7	0	-70.7764
0.611464	1	0	0	8	0	-54.4914
0.611464	1	0	0	9	0	-72.8155
0.611464	1	0	0	10	0	-72.9509
0.611464	1	0	0	11	0	-75.2934
0.611464	1	0	0	12	0	-57.7994
0.611464	1	0	0	13	0	-89.2001
0.611464	1	0	0	14	0	-63.0225
0.611464	1	0	0	15	0	-55.3897
0.611464	1	0	0	16	0	-77.7872
0.611464	1	0	0	17	0	-73.1548
0.611464	1	0	0	18	0	-73.4659
0.611464	1	0	0	19	0	-64.7831
0.611464	1	0	0	20	0	-57.727
0.613536	1	0	0	1	0	-79.4232
0.613536	1	0	0	2	0	-89.0202
0.613536	1	0	0	3	0	-68.4429
0.613536	1	0	0	4	0	-62.4301
0.613536	1	0	0	5	0	-65.7281
0.613536	1	0	0	6	0	-71.9303
0.613536	1	0	0	7	0	-70.7764
0.613536	1	0	0	8	0	-54.4914
0.613536	1	0	0	9	0	-72.8155
0.613536	1	0	0	10	0	-72.9509
0.613536	1	0	0	11	0	-75.2934
0.613536	1	0	0	12	0	-57.7994
0.613536	1	0	0	13	0	-89.2001
0.613536	1	0	0	14	0	-63.0225
0.613536	1	0	0	15	0	-55.3897
0.613536	1	0	0	16	0	-77.7872
0.613536	1	0	0	17	0	-73.1548
0.613536	1	0	0	18	0	-73.4659
0.613536	1	0	0	19	0	-64.7831
0.613536	1	0	0	20	0	-57.727
0.621464	1	0	0	1	0	-79.4232
0.621464	1	0	0	2	0	-89.0202
0.621464	1	0	0	3	0	-68.4429
0.621464	1	0	0	4	0	-62.4301
0.621464	1	0	0	5	0	-65.7281
0.621464	1	0	0	6	0	-71.9303
0.621464	1	0	0	7	0	-70.7764
0.621464	1	0	0	8	0	-54.4914
0.621464	1	0	0	9	0	-72.8155
0.621464	1	0	0	10	0	-72.9509
0.621464	1	0	0	11	0	-75.2934
0.621464	1	0	0	12	0	-57.7994
0.621464	1	0	0	13	0	-89.2001
0.621464	1	0	0	14	0	-63.0225
0.621464	1	0	0	15	0	-55.3897
0.621464	1	0	0	16	0	-77.7872
0.621464	1	0	0	17	0	-73.1548
0.621464	1	0	0	18	0	-73.4659
0.621464	1	0	0	19	0	-64.7831
0.621464	1	0	0	20	0	-57.727
0.623536	1	0	0	1	0	-79.4232
0.623536	1	0	0	2	0	-89.0202
0.623536	1	0	0	3	0	-68.4429
0.623536	1	0	0	4	0	-62.4301
0.623536	1	0	0	5	0	-65.7281
0.623536	1	0	0	6	0	-71.9303
0.623536	1	0	0	7	0	-70.7764
0.623536	1	0	0	8	0	-54.4914
0.623536	1	0	0	9	0	-72.8155
0.623536	1	0	0	10	0	-72.9509
0.623536	1	0	0	11	0	-75.2934
0.623536	1	0	0	12	0	-57.7994
0.623536	1	0	0	13	0	-89.2001
0.623536	1	0	0	14	0	-63.0225
0.623536	1	0	0	15	0	-55.3897
0.623536	1	0	0	16	0	-77.7872
0.623536	1	0	0	17	0	-73.1548
0.623536	1	0	0	18	0	-73.4659
0.623536	1	0	0	19	0	-64.7831
0.623536	1	0	0	20	0	-57.727
0.631464	1	0	0	1	0	-79.4232
0.631464	1	0	0	2	0	-89.0202
0.631464	1	0	0	3	0	-68.4429
0.631464	1	0	0	4	0	-62.4301
0.631464	1	0	0	5	0	-65.7281
0.631464	1	0	0	6	0	-71.9303
0.631464	1	0	0	7	0	-70.7764
0.631464	1	0	0	8	0	-54.4914
0.631464	1	0	0	9	0	-72.8155
0.631464	1	0	0	10	0	-72.9509
0.631464	1	0	0	11	0	-75.2934
0.631464	1	0	0	12	0	-57.7994
0.631464	1	0	0	13	0	-89.2001
0.631464	1	0	0	14	0	-63.0225
0.631464	1	0	0	15	0	-55.3897
0.631464	1	0	0	16	0	-77.7872
0.631464	1	0	0	17	0	-73.1548
0.631464	1	0	0	18	0	-73.4659
0.631464	1	0	0	19	0	-64.7831
0.631464	1	0	0	20	0	-57.727
0.633536	1	0	0	1	0	-79.4232
0.633536	1	0	0	2	0	-89.0202
0.633536	1	0	0	3	0	-68.4429
0.633536	1	0	0	4	0	-62.4301
0.633536	1	0	0	5	0	-65.7281
0.633536	1	0	0	6	0	-71.9303
0.633536	1	0	0	7	0	-70.7764
0.633536	1	0	0	8	0	-54.4914
0.633536	1	0	0	9	0	-72.8155
0.633536	1	0	0	10	0	-72.9509
0.633536	1	0	0	11	0	-75.2934
0.633536	1	0	0	12	0	-57.7994
0.633536	1	0	0	13	0	-89.2001
0.633536	1	0	0	14	0	-63.0225
0.633536	1	0	0	15	0	-55.3897
0.633536	1	0	0	16	0	-77.7872
0.633536	1	0	0	17	0	-73.1548
0.633536	1	0	0	18	0	-73.4659
0.633536	1	0	0	19	0	-64.7831
0.633536	1	0	0	20	0	-57.727
0.641464	1	0	0	1	0	-79.4232
0.641464	1	0	0	2	0	-89.0202
0.641464	1	0	0	3	0	-68.4429
0.641464	1	0	0	4	0	-62.4301
0.641464	1	0	0	5	0	-65.7281
0.641464	1	0	0	6	0	-71.9303
0.641464	1	0	0	7	0	-70.7764
0.641464	1	0	0	8	0	-54.4914
0.641464	1	0	0	9	0	-72.8155
0.641464	1	0	0	10	0	-72.9509
0.641464	1	0	0	11	0	-75.2934
0.641464	1	0	0	12	0	-57.7994
0.641464	1	0	0	13	0	-89.2001
0.641464	1	0	0	14	0	-63.0225
0.641464	1	0	0	15	0	-55.3897
0.641464	1	0	0	16	0	-77.7872
0.641464	1	0	0	17	0	-73.1548
0.641464	1	0	0	18	0	-73.4659
0.641464	1	0	0	19	0	-64.7831
0.641464	1	0	0	20	0	-57.727
0.643536	1	0	0	1	0	-79.4232
0.643536	1	0	0	2	0	-89.0202
0.643536	1	0	0	3	0	-68.4429
0.643536	1	0	0	4	0	-62.4301
0.643536	1	0	0	5	0	-65.7281
0.643536	1	0	0	6	0	-71.9303
0.643536	1	0	0	7	0	-70.7764
0.643536	1	0	0	8	0	-54.4914
0.643536	1	0	0	9	0	-72.8155
0.643536	1	0	0	10	0	-72.9509
0.643536	1	0	0	11	0	-75.2934
0.643536	1	0	0	12	0	-57.7994
0.643536	1	0	0	13	0	-89.2001
0.643536	1	0	0	14	0	-63.0225
0.643536	1	0	0	15	0	-55.3897
0.643536	1	0	0	16	0	-77.7872
0.643536	1	0	0	17	0	-73.1548
0.643536	1	0	0	18	0	-73.4659
0.643536	1	0	0	19	0	-64.7831
0.643536	1	0	0	20	0	-57.727
0.651464	1	0	0	1	0	-79.4232
0.651464	1	0	0	2	0	-89.0202
0.651464	1	0	0	3	0	-68.4429
0.651464	1	0	0	4	0	-62.4301
0.651464	1	0	0	5	0	-65.7281
0.651464	1	0	0	6	0	-71.9303
0.651464	1	0	0	7	0	-70.7764
0.651464	1	0	0	8	0	-54.4914
0.651464	1	0	0	9	0	-72.8155
0.651464	1	0	0	10	0	-72.9509
0.651464	1	0	0	11	0	-75.2934
0.651464	1	0	0	12	0	-57.7994
0.651464	1	0	0	13	0	-89.2001
0.651464	1	0	0	14	0	-63.0225
0.651464	1	0	0	15	0	-55.3897
0.651464	1	0	0	16	0	-77.7872
0.651464	1	0	0	17	0	-73.1548
0.651464	1	0	0	18	0	-73.4659
0.651464	1	0	0	19	0	-64.7831
0.651464	1	0	0	20	0	-57.727
0.653536	1	0	0	1	0	-79.4232
0.653536	1	0	0	2	0	-89.0202
0.653536	1	0	0	3	0	-68.4429
0.653536	1	0	0	4	0	-62.4301
0.653536	1	0	0	5	0	-65.7281
0.653536	1	0	0	6	0	-71.9303
0.653536	1	0	0	7	0	-70.7764
0.653536	1	0	0	8	0	-54.4914
0.653536	1	0	0	9	0	-72.8155
0.653536	1	0	0	10	0	-72.9509
0.653536	1	0	0	11	0	-75.2934
0.653536	1	0	0	12	0	-57.7994
0.653536	1	0	0	13	0	-89.2001
0.653536	1	0	0	14	0	-63.0225
0.653536	1	0	0	15	0	-55.3897
0.653536	1	0	0	16	0	-77.7872
0.653536	1	0	0	17	0	-73.1548
0.653536	1	0	0	18	0	-73.4659
0.653536	1	0	0	19	0	-64.7831
0.653536	1	0	0	20	0	-57.727
0.661464	1	0	0	1	0	-79.4232
0.661464	1	0	0	2	0	-89.0202
0.661464	1	0	0	3	0	-68.4429
0.661464	1	0	0	4	0	-62.4301
0.661464	1	0	0	5	0	-65.7281
0.661464	1	0	0	6	0	-71.9303
0.661464	1	0	0	7	0	-70.7764
0.661464	1	0	0	8	0	-54.4914
0.661464	1	0	0	9	0	-72.8155
0.661464	1	0	0	10	0	-72.9509
0.661464	1	0	0	11	0	-75.2934
0.661464	1	0	0	12	0	-57.7994
0.661464	1	0	0	13	0	-89.2001
0.661464	1	0	0	14	0	-63.0225
0.661464	1	0	0	15	0	-55.3897
0.661464	1	0	0	16	0	-77.7872
0.661464	1	0	0	17	0	-73.1548
0.661464	1	0	0	18	0	-73.4659
0.661464	1	0	0	19	0	-64.7831
0.661464	1	0	0	20	0	-57.727
0.663536	1	0	0	1	0	-79.4232
0.663536	1	0	0	2	0	-89.0202
0.663536	1	0	0	3	0	-68.4429
0.663536	1	0	0	4	0	-62.4301
0.663536	1	0	0	5	0	-65.7281
0.663536	1	0	0	6	0	-71.9303
0.663536	1	0	0	7	0	-70.7764
0.663536	1	0	0	8	0	-54.4914
0.663536	1	0	0	9	0	-72.8155
0.663536	1	0	0	10	0	-72.9509
0.663536	1	0	0	11	0	-75.2934
0.663536	1	0	0	12	0	-57.7994
0.663536	1	0	0	13	0	-89.2001
0.663536	1	0	0	14	0	-63.0225
0.663536	1	0	0	15	0	-55.3897
0.663536	1	0	0	16	0	-77.7872
0.663536	1	0	0	17	0	-73.1548
0.663536	1	0	0	18	0	-73.4659
0.663536	1	0	0	19	0	-64.7831
0.663536	1	0	0	20	0	-57.727
0.671464	1	0	0	1	0	-79.4232
0.671464	1	0	0	2	0	-89.0202
0.671464	1	0	0	3	0	-68.4429
0.671464	1	0	0	4	0	-62.4301
0.671464	1	0	0	5	0	-65.7281
0.671464	1	0	0	6	0	-71.9303
0.671464	1	0	0	7	0	-70.7764
0.671464	1	0	0	8	0	-54.4914
0.671464	1	0	0	9	0	-72.8155
0.671464	1	0	0	10	0	-72.9509
0.671464	1	0	0	11	0	-75.2934
0.671464	1	0	0	12	0	-57.7994
0.671464	1	0	0	13	0	-89.2001
0.671464	1	0	0	14	0	-63.0225
0.671464	1	0	0	15	0	-55.3897
0.671464	1	0	0	16	0	-77.7872
0.671464	1	0	0	17	0	-73.1548
0.671464	1	0	0	18	0	-73.4659
0.671464	1	0	0	19	0	-64.7831
0.671464	1	0	0	20	0	-57.727
0.673536	1	0	0	1	0	-79.4232
0.673536	1	0	0	2	0	-89.0202
0.673536	1	0	0	3	0	-68.4429
0.673536	1	0	0	4	0	-62.4301
0.673536	1	0	0	5	0	-65.7281
0.673536	1	0	0	6	0	-71.9303
0.673536	1	0	0	7	0	-70.7764
0.673536	1	0	0	8	0	-54.4914
0.673536	1	0	0	9	0	-72.8155
0.673536	1	0	0	10	0	-72.9509
0.673536	1	0	0	11	0	-75.2934
0.673536	1	0	0	12	0	-57.7994
0.673536	1	0	0	13	0	-89.2001
0.673536	1	0	0	14	0	-63.0225
0.673536	1	0	0	15	0	-55.3897
0.673536	1	0	0	16	0	-77.7872
0.673536	1	0	0	17	0	-73.1548
0.673536	1	0	0	18	0	-73.4659
0.673536	1	0	0	19	0	-64.7831
0.673536	1	0	0	20	0	-57.727
0.681464	1	0	0	1	0	-79.4232
0.681464	1	0	0	2	0	-89.0202
0.681464	1	0	0	3	0	-68.4429
0.681464	1	0	0	4	0	-62.4301
0.681464	1	0	0	5	0	-65.7281
0.681464	1	0	0	6	0	-71.9303
0.681464	1	0	0	7	0	-70.7764
0.681464	1	0	0	8	0	-54.4914
0.681464	1	0	0	9	0	-72.8155
0.681464	1	0	0	10	0	-72.9509
0.681464	1	0	0	11	0	-75.2934
0.681464	1	0	0	12	0	-57.7994
0.681464	1	0	0	13	0	-89.2001
0.681464	1	0	0	14	0	-63.0225
0.681464	1	0	0	15	0	-55.3897
0.681464	1	0	0	16	0	-77.7872
0.681464	1	0	0	17	0	-73.1548
0.681464	1	0	0	18	0	-73.4659
0.681464	1	0	0	19	0	-64.7831
0.681464	1	0	0	20	0	-57.727
0.683536	1	0	0	1	0	-79.4232
0.683536	1	0	0	2	0	-89.0202
0.683536	1	0	0	3	0	-68.4429
0.683536	1	0	0	4	0	-62.4301
0.683536	1	0	0	5	0	-65.7281
0.683536	1	0	0	6	0	-71.9303
0.683536	1	0	0	7	0	-70.7764
0.683536	1	0	0	8	0	-54.4914
0.683536	1	0	0	9	0	-72.8155
0.683536	1	0	0	10	0	-72.9509
0.683536	1	0	0	11	0	-75.2934
0.683536	1	0	0	12	0	-57.7994
0.683536	1	0	0	13	0	-89.2001
0.683536	1	0	0	14	0	-63.0225
0.683536	1	0	0	15	0	-55.3897
0.683536	1	0	0	16	0	-77.7872
0.683536	1	0	0	17	0	-73.1548
0.683536	1	0	0	18	0	-73.4659
0.683536	1	0	0	19	0	-64.7831
0.683536	1	0	0	20	0	-57.727
0.691464	1	0	0	1	0	-79.4232
0.691464	1	0	0	2	0	-89.0202
0.691464	1	0	0	3	0	-68.4429
0.691464	1	0	0	4	0	-62.4301
0.691464	1	0	0	5	0	-65.7281
0.691464	1	0	0	6	0	-71.9303
0.691464	1	0	0	7	0	-70.7764
0.691464	1	0	0	8	0	-54.4914
0.691464	1	0	0	9	0	-72.8155
0.691464	1	0	0	10	0	-72.9509
0.691464	1	0	0	11	0	-75.2934
0.691464	1	0	0	12	0	-57.7994
0.691464	1	0	0	13	0	-89.2001
0.691464	1	0	0	14	0	-63.0225
0.691464	1	0	0	15	0	-55.3897
0.691464	1	0	0	16	0	-77.7872
0.691464	1	0	0	17	0	-73.1548
0.691464	1	0	0	18	0	-73.4659
0.691464	1	0	0	19	0	-64.7831
0.691464	1	0	0	20	0	-57.727
0.693536	1	0	0	1	0	-79.4232
0.693536	1	0	0	2	0	-89.0202
0.693536	1	0	0	3	0	-68.4429
0.693536	1	0	0	4	0	-62.4301
0.693536	1	0	0	5	0	-65.7281
0.693536	1	0	0	6	0	-71.9303
0.693536	1	0	0	7	0	-70.7764
0.693536	1	0	0	8	0	-54.4914
0.693536	1	0	0	9	0	-72.8155
0.693536	1	0	0	10	0	-72.9509
0.693536	1	0	0	11	0	-75.2934
0.693536	1	0	0	12	0	-57.7994
0.693536	1	0	0	13	0	-89.2001
0.693536	1	0	0	14	0	-63.0225
0.693536	1	0	0	15	0	-55.3897
0.693536	1	0	0	16	0	-77.7872
0.693536	1	0	0	17	0	-73.1548
0.693536	1	0	0	18	0	-73.4659
0.693536	1	0	0	19	0	-64.7831
0.693536	1	0	0	20	0	-57.727
0.701464	1	0	0	1	0	-79.4232
0.701464	1	0	0	2	0	-89.0202
0.701464	1	0	0	3	0	-68.4429
0.701464	1	0	0	4	0	-62.4301
0.701464	1	0	0	5	0	-65.7281
0.701464	1	0	0	6	0	-71.9303
0.701464	1	0	0	7	0	-70.7764
0.701464	1	0	0	8	0	-54.4914
0.701464	1	0	0	9	0	-72.8155
0.701464	1	0	0	10	0	-72.9509
0.701464	1	0	0	11	0	-75.2934
0.701464	1	0	0	12	0	-57.7994
0.701464	1	0	0	13	0	-89.2001
0.701464	1	0	0	14	0	-63.0225
0.701464	1	0	0	15	0	-55.3897
0.701464	1	0	0	16	0	-77.7872
0.701464	1	0	0	17	0	-73.1548
0.701464	1	0	0	18	0	-73.4659
0.701464	1	0	0	19	0	-64.7831
0.701464	1	0	0	20	0	-57.727
0.703536	1	0	0	1	0	-79.4232
0.703536	1	0	0	2	0	-89.0202
0.703536	1	0	0	3	0	-68.4429
0.703536	1	0	0	4	0	-62.4301
0.703536	1	0	0	5	0	-65.7281
0.703536	1	0	0	6	0	-71.9303
0.703536	1	0	0	7	0	-70.7764
0.703536	1	0	0	8	0	-54.4914
0.703536	1	0	0	9	0	-72.8155
0.703536	1	0	0	10	0	-72.9509
0.703536	1	0	0	11	0	-75.2934
0.703536	1	0	0	12	0	-57.7994
0.703536	1	0	0	13	0	-89.2001
0.703536	1	0	0	14	0	-63.0225
0.703536	1	0	0	15	0	-55.3897
0.703536	1	0	0	16	0	-77.7872
0.703536	1	0	0	17	0	-73.1548
0.703536	1	0	0	18	0	-73.4659
0.703536	1	0	0	19	0	-64.7831
0.703536	1	0	0	20	0	-57.727
0.711464	1	0	0	1	0	-79.4232
0.711464	1	0	0	2	0	-89.0202
0.711464	1	0	0	3	0	-68.4429
0.711464	1	0	0	4	0	-62.4301
0.711464	1	0	0	5	0	-65.7281
0.711464	1	0	0	6	0	-71.9303
0.711464	1	0	0	7	0	-70.7764
0.711464	1	0	0	8	0	-54.4914
0.711464	1	0	0	9	0	-72.8155
0.711464	1	0	0	10	0	-72.9509
0.711464	1	0	0	11	0	-75.2934
0.711464	1	0	0	12	0	-57.7994
0.711464	1	0	0	13	0	-89.2001
0.711464	1	0	0	14	0	-63.0225
0.711464	1	0	0	15	0	-55.3897
0.711464	1	0	0	16	0	-77.7872
0.711464	1	0	0	17	0	-73.1548
0.711464	1	0	0	18	0	-73.4659
0.711464	1	0	0	19	0	-64.7831
0.711464	1	0	0	20	0	-57.727
0.713536	1	0	0	1	0	-79.4232
0.713536	1	0	0	2	0	-89.0202
0.713536	1	0	0	3	0	-68.4429
0.713536	1	0	0	4	0	-62.4301
0.713536	1	0	0	5	0	-65.7281
0.713536	1	0	0	6	0	-71.9303
0.713536	1	0	0	7	0	-70.7764
0.713536	1	0	0	8	0	-54.4914
0.713536	1	0	0	9	0	-72.8155
0.713536	1	0	0	10	0	-72.9509
0.713536	1	0	0	11	0	-75.2934
0.713536	1	0	0	12	0	-57.7994
0.713536	1	0	0	13	0	-89.2001
0.713536	1	0	0	14	0	-63.0225
0.713536	1	0	0	15	0	-55.3897
0.713536	1	0	0	16	0	-77.7872
0.713536	1	0	0	17	0	-73.1548
0.713536	1	0	0	18	0	-73.4659
0.713536	1	0	0	19	0	-64.7831
0.713536	1	0	0	20	0	-57.727
0.721464	1	0	0	1	0	-79.4232
0.721464	1	0	0	2	0	-89.0202
0.721464	1	0	0	3	0	-68.4429
0.721464	1	0	0	4	0	-62.4301
0.721464	1	0	0	5	0	-65.7281
0.721464	1	0	0	6	0	-71.9303
0.721464	1	0	0	7	0	-70.7764
0.721464	1	0	0	8	0	-54.4914
0.721464	1	0	0	9	0	-72.8155
0.721464	1	0	0	10	0	-72.9509
0.721464	1	0	0	11	0	-75.2934
0.721464	1	0	0	12	0	-57.7994
0.721464	1	0	0	13	0	-89.2001
0.721464	1	0	0	14	0	-63.0225
0.721464	1	0	0	15	0	-55.3897
0.721464	1	0	0	16	0	-77.7872
0.721464	1	0	0	17	0	-73.1548
0.721464	1	0	0	18	0	-73.4659
0.721464	1	0	0	19	0	-64.7831
0.721464	1	0	0	20	0	-57.727
0.723536	1	0	0	1	0	-79.4232
0.723536	1	0	0	2	0	-89.0202
0.723536	1	0	0	3	0	-68.4429
0.723536	1	0	0	4	0	-62.4301
0.723536	1	0	0	5	0	-65.7281
0.723536	1	0	0	6	0	-71.9303
0.723536	1	0	0	7	0	-70.7764
0.723536	1	0	0	8	0	-54.4914
0.723536	1	0	0	9	0	-72.8155
0.723536	1	0	0	10	0	-72.9509
0.723536	1	0	0	11	0	-75.2934
0.723536	1	0	0	12	0	-57.7994
0.723536	1	0	0	13	0	-89.2001
0.723536	1	0	0	14	0	-63.0225
0.723536	1	0	0	15	0	-55.3897
0.723536	1	0	0	16	0	-77.7872
0.723536	1	0	0	17	0	-73.1548
0.723536	1	0	0	18	0	-73.4659
0.723536	1	0	0	19	0	-64.7831
0.723536	1	0	0	20	0	-57.727
0.731464	1	0	0	1	0	-79.4232
0.731464	1	0	0	2	0	-89.0202
0.731464	1	0	0	3	0	-68.4429
0.731464	1	0	0	4	0	-62.4301
0.731464	1	0	0	5	0	-65.7281
0.731464	1	0	0	6	0	-71.9303
0.731464	1	0	0	7	0	-70.7764
0.731464	1	0	0	8	0	-54.4914
0.731464	1	0	0	9	0	-72.8155
0.731464	1	0	0	10	0	-72.9509
0.731464	1	0	0	11	0	-75.2934
0.731464	1	0	0	12	0	-57.7994
0.731464	1	0	0	13	0	-89.2001
0.731464	1	0	0	14	0	-63.0225
0.731464	1	0	0	15	0	-55.3897
0.731464	1	0	0	16	0	-77.7872
0.731464	1	0	0	17	0	-73.1548
0.731464	1	0	0	18	0	-73.4659
0.731464	1	0	0	19	0	-64.7831
0.731464	1	0	0	20	0	-57.727
0.733536	1	0	0	1	0	-79.4232
0.733536	1	0	0	2	0	-89.0202
0.733536	1	0	0	3	0	-68.4429
0.733536	1	0	0	4	0	-62.4301
0.733536	1	0	0	5	0	-65.7281
0.733536	1	0	0	6	0	-71.9303
0.733536	1	0	0	7	0	-70.7764
0.733536	1	0	0	8	0	-54.4914
0.733536	1	0	0	9	0	-72.8155
0.733536	1	0	0	10	0	-72.9509
0.733536	1	0	0	11	0	-75.2934
0.733536	1	0	0	12	0	-57.7994
0.733536	1	0	0	13	0	-89.2001
0.733536	1	0	0	14	0	-63.0225
0.733536	1	0	0	15	0	-55.3897
0.733536	1	0	0	16	0	-77.7872
0.733536	1	0	0	17	0	-73.1548
0.733536	1	0	0	18	0	-73.4659
0.733536	1	0	0	19	0	-64.7831
0.733536	1	0	0	20	0	-57.727
0.741464	1	0	0	1	0	-79.4232
0.741464	1	0	0	2	0	-89.0202
0.741464	1	0	0	3	0	-68.4429
0.741464	1	0	0	4	0	-62.4301
0.741464	1	0	0	5	0	-65.7281
0.741464	1	0	0	6	0	-71.9303
0.741464	1	0	0	7	0	-70.7764
0.741464	1	0	0	8	0	-54.4914
0.741464	1	0	0	9	0	-72.8155
0.741464	1	0	0	10	0	-72.9509
0.741464	1	0	0	11	0	-75.2934
0.741464	1	0	0	12	0	-57.7994
0.741464	1	0	0	13	0	-89.2001
0.741464	1	0	0	14	0	-63.0225
0.741464	1	0	0	15	0	-55.3897
0.741464	1	0	0	16	0	-77.7872
0.741464	1	0	0	17	0	-73.1548
0.741464	1	0	0	18	0	-73.4659
0.741464	1	0	0	19	0	-64.7831
0.741464	1	0	0	20	0	-57.727
0.743536	1	0	0	1	0	-79.4232
0.743536	1	0	0	2	0	-89.0202
0.743536	1	0	0	3	0	-68.4429
0.743536	1	0	0	4	0	-62.4301
0.743536	1	0	0	5	0	-65.7281
0.743536	1	0	0	6	0	-71.9303
0.743536	1	0	0	7	0	-70.7764
0.743536	1	0	0	8	0	-54.4914
0.743536	1	0	0	9	0	-72.8155
0.743536	1	0	0	10	0	-72.9509
0.743536	1	0	0	11	0	-75.2934
0.743536	1	0	0	12	0	-57.7994
0.743536	1	0	0	13	0	-89.2001
0.743536	1	0	0	14	0	-63.0225
0.743536	1	0	0	15	0	-55.3897
0.743536	1	0	0	16	0	-77.7872
0.743536	1	0	0	17	0	-73.1548
0.743536	1	0	0	18	0	-73.4659
0.743536	1	0	0	19	0	-64.7831
0.743536	1	0	0	20	0	-57.727
0.751464	1	0	0	1	0	-79.4232
0.751464	1	0	0	2	0	-89.0202
0.751464	1	0	0	3	0	-68.4429
0.751464	1	0	0	4	0	-62.4301
0.751464	1	0	0	5	0	-65.7281
0.751464	1	0	0	6	0	-71.9303
0.751464	1	0	0	7	0	-70.7764
0.751464	1	0	0	8	0	-54.4914
0.751464	1	0	0	9	0	-72.8155
0.751464	1	0	0	10	0	-72.9509
0.751464	1	0	0	11	0	-75.2934
0.751464	1	0	0	12	0	-57.7994
0.751464	1	0	0	13	0	-89.2001
0.751464	1	0	0	14	0	-63.0225
0.751464	1	0	0	15	0	-55.3897
0.751464	1	0	0	16	0	-77.7872
0.751464	1	0	0	17	0	-73.1548
0.751464	1	0	0	18	0	-73.4659
0.751464	1	0	0	19	0	-64.7831
0.751464	1	0	0	20	0	-57.727
0.753536	1	0	0	1	0	-79.4232
0.753536	1	0	0	2	0	-89.0202
0.753536	1	0	0	3	0	-68.4429
0.753536	1	0	0	4	0	-62.4301
0.753536	1	0	0	5	0	-65.7281
0.753536	1	0	0	6	0	-71.9303
0.753536	1	0	0	7	0	-70.7764
0.753536	1	0	0	8	0	-54.4914
0.753536	1	0	0	9	0	-72.8155
0.753536	1	0	0	10	0	-72.9509
0.753536	1	0	0	11	0	-75.2934
0.753536	1	0	0	12	0	-57.7994
0.753536	1	0	0	13	0	-89.2001
0.753536	1	0	0	14	0	-63.0225
0.753536	1	0	0	15	0	-55.3897
0.753536	1	0	0	16	0	-77.7872
0.753536	1	0	0	17	0	-73.1548
0.753536	1	0	0	18	0	-73.4659
0.753536	1	0	0	19	0	-64.7831
0.753536	1	0	0	20	0	-57.727
0.761464	1	0	0	1	0	-79.4232
0.761464	1	0	0	2	0	-89.0202
0.761464	1	0	0	3	0	-68.4429
0.761464	1	0	0	4	0	-62.4301
0.761464	1	0	0	5	0	-65.7281
0.761464	1	0	0	6	0	-71.9303
0.761464	1	0	0	7	0	-70.7764
0.761464	1	0	0	8	0	-54.4914
0.761464	1	0	0	9	0	-72.8155
0.761464	1	0	0	10	0	-72.9509
0.761464	1	0	0	11	0	-75.2934
0.761464	1	0	0	12	0	-57.7994
0.761464	1	0	0	13	0	-89.2001
0.761464	1	0	0	14	0	-63.0225
0.761464	1	0	0	15	0	-55.3897
0.761464	1	0	0	16	0	-77.7872
0.761464	1	0	0	17	0	-73.1548
0.761464	1	0	0	18	0	-73.4659
0.761464	1	0	0	19	0	-64.7831
0.761464	1	0	0	20	0	-57.727
0.763536	1	0	0	1	0	-79.4232
0.763536	1	0	0	2	0	-89.0202
0.763536	1	0	0	3	0	-68.4429
0.763536	1	0	0	4	0	-62.4301
0.763536	1	0	0	5	0	-65.7281
0.763536	1	0	0	6	0	-71.9303
0.763536	1	0	0	7	0	-70.7764
0.763536	1	0	0	8	0	-54.4914
0.763536	1	0	0	9	0	-72.8155
0.763536	1	0	0	10	0	-72.9509
0.763536	1	0	0	11	0	-75.2934
0.763536	1	0	0	12	0	-57.7994
0.763536	1	0	0	13	0	-89.2001
0.763536	1	0	0	14	0	-63.0225
0.763536	1	0	0	15	0	-55.3897
0.763536	1	0	0	16	0	-77.7872
0.763536	1	0	0	17	0	-73.1548
0.763536	1	0	0	18	0	-73.4659
0.763536	1	0	0	19	0	-64.7831
0.763536	1	0	0	20	0	-57.727
0.771464	1	0	0	1	0	-79.4232
0.771464	1	0	0	2	0	-89.0202
0.771464	1	0	0	3	0	-68.4429
0.771464	1	0	0	4	0	-62.4301
0.771464	1	0	0	5	0	-65.7281
0.771464	1	0	0	6	0	-71.9303
0.771464	1	0	0	7	0	-70.7764
0.771464	1	0	0	8	0	-54.4914
0.771464	1	0	0	9	0	-72.8155
0.771464	1	0	0	10	0	-72.9509
0.771464	1	0	0	11	0	-75.2934
0.771464	1	0	0	12	0	-57.7994
0.771464	1	0	0	13	0	-89.2001
0.771464	1	0	0	14	0	-63.0225
0.771464	1	0	0	15	0	-55.3897
0.771464	1	0	0	16	0	-77.7872
0.771464	1	0	0	17	0	-73.1548
0.771464	1	0	0	18	0	-73.4659
0.771464	1	0	0	19	0	-64.7831
0.771464	1	0	0	20	0	-57.727
0.773536	1	0	0	1	0	-79.4232
0.773536	1	0	0	2	0	-89.0202
0.773536	1	0	0	3	0	-68.4429
0.773536	1	0	0	4	0	-62.4301
0.773536	1	0	0	5	0	-65.7281
0.773536	1	0	0	6	0	-71.9303
0.773536	1	0	0	7	0	-70.7764
0.773536	1	0	0	8	0	-54.4914
0.773536	1	0	0	9	0	-72.8155
0.773536	1	0	0	10	0	-72.9509
0.773536	1	0	0	11	0	-75.2934
0.773536	1	0	0	12	0	-57.7994
0.773536	1	0	0	13	0	-89.2001
0.773536	1	0	0	14	0	-63.0225
0.773536	1	0	0	15	0	-55.3897
0.773536	1	0	0	16	0	-77.7872
0.773536	1	0	0	17	0	-73.1548
0.773536	1	0	0	18	0	-73.4659
0.773536	1	0	0	19	0	-64.7831
0.773536	1	0	0	20	0	-57.727
0.781464	1	0	0	1	0	-79.4232
0.781464	1	0	0	2	0	-89.0202
0.781464	1	0	0	3	0	-68.4429
0.781464	1	0	0	4	0	-62.4301
0.781464	1	0	0	5	0	-65.7281
0.781464	1	0	0	6	0	-71.9303
0.781464	1	0	0	7	0	-70.7764
0.781464	1	0	0	8	0	-54.4914
0.781464	1	0	0	9	0	-72.8155
0.781464	1	0	0	10	0	-72.9509
0.781464	1	0	0	11	0	-75.2934
0.781464	1	0	0	12	0	-57.7994
0.781464	1	0	0	13	0	-89.2001
0.781464	1	0	0	14	0	-63.0225
0.781464	1	0	0	15	0	-55.3897
0.781464	1	0	0	16	0	-77.7872
0.781464	1	0	0	17	0	-73.1548
0.781464	1	0	0	18	0	-73.4659
0.781464	1	0	0	19	0	-64.7831
0.781464	1	0	0	20	0	-57.727
0.783536	1	0	0	1	0	-79.4232
0.783536	1	0	0	2	0	-89.0202
0.783536	1	0	0	3	0	-68.4429
0.783536	1	0	0	4	0	-62.4301
0.783536	1	0	0	5	0	-65.7281
0.783536	1	0	0	6	0	-71.9303
0.783536	1	0	0	7	0	-70.7764
0.783536	1	0	0	8	0	-54.4914
0.783536	1	0	0	9	0	-72.8155
0.783536	1	0	0	10	0	-72.9509
0.783536	1	0	0	11	0	-75.2934
0.783536	1	0	0	12	0	-57.7994
0.783536	1	0	0	13	0	-89.2001
0.783536	1	0	0	14	0	-63.0225
0.783536	1	0	0	15	0	-55.3897
0.783536	1	0	0	16	0	-77.7872
0.783536	1	0	0	17	0	-73.1548
0.783536	1	0	0	18	0	-73.4659
0.783536	1	0	0	19	0	-64.7831
0.783536	1	0	0	20	0	-57.727
0.791464	1	0	0	1	0	-79.4232
0.791464	1	0	0	2	0	-89.0202
0.791464	1	0	0	3	0	-68.4429
0.791464	1	0	0	4	0	-62.4301
0.791464	1	0	0	5	0	-65.7281
0.791464	1	0	0	6	0	-71.9303
0.791464	1	0	0	7	0	-70.7764
0.791464	1	0	0	8	0	-54.4914
0.791464	1	0	0	9	0	-72.8155
0.791464	1	0	0	10	0	-72.9509
0.791464	1	0	0	11	0	-75.2934
0.791464	1	0	0	12	0	-57.7994
0.791464	1	0	0	13	0	-89.2001
0.791464	1	0	0	14	0	-63.0225
0.791464	1	0	0	15	0	-55.3897
0.791464	1	0	0	16	0	-77.7872
0.791464	1	0	0	17	0	-73.1548
0.791464	1	0	0	18	0	-73.4659
0.791464	1	0	0	19	0	-64.7831
0.791464	1	0	0	20	0	-57.727
0.793536	1	0	0	1	0	-79.4232
0.793536	1	0	0	2	0	-89.0202
0.793536	1	0	0	3	0	-68.4429
0.793536	1	0	0	4	0	-62.4301
0.793536	1	0	0	5	0	-65.7281
0.793536	1	0	0	6	0	-71.9303
0.793536	1	0	0	7	0	-70.7764
0.793536	1	0	0	8	0	-54.4914
0.793536	1	0	0	9	0	-72.8155
0.793536	1	0	0	10	0	-72.9509
0.793536	1	0	0	11	0	-75.2934
0.793536	1	0	0	12	0	-57.7994
0.793536	1	0	0	13	0	-89.2001
0.793536	1	0	0	14	0	-63.0225
0.793536	1	0	0	15	0	-55.3897
0.793536	1	0	0	16	0	-77.7872
0.793536	1	0	0	17	0	-73.1548
0.793536	1	0	0	18	0	-73.4659
0.793536	1	0	0	19	0	-64.7831
0.793536	1	0	0	20	0	-57.727
0.801464	1	0	0	1	0	-79.4232
0.801464	1	0	0	2	0	-89.0202
0.801464	1	0	0	3	0	-68.4429
0.801464	1	0	0	4	0	-62.4301
0.801464	1	0	0	5	0	-65.7281
0.801464	1	0	0	6	0	-71.9303
0.801464	1	0	0	7	0	-70.7764
0.801464	1	0	0	8	0	-54.4914
0.801464	1	0	0	9	0	-72.8155
0.801464	1	0	0	10	0	-72.9509
0.801464	1	0	0	11	0	-75.2934
0.801464	1	0	0	12	0	-57.7994
0.801464	1	0	0	13	0	-89.2001
0.801464	1	0	0	14	0	-63.0225
0.801464	1	0	0	15	0	-55.3897
0.801464	1	0	0	16	0	-77.7872
0.801464	1	0	0	17	0	-73.1548
0.801464	1	0	0	18	0	-73.4659
0.801464	1	0	0	19	0	-64.7831
0.801464	1	0	0	20	0	-57.727
0.803536	1	0	0	1	0	-79.4232
0.803536	1	0	0	2	0	-89.0202
0.803536	1	0	0	3	0	-68.4429
0.803536	1	0	0	4	0	-62.4301
0.803536	1	0	0	5	0	-65.7281
0.803536	1	0	0	6	0	-71.9303
0.803536	1	0	0	7	0	-70.7764
0.803536	1	0	0	8	0	-54.4914
0.803536	1	0	0	9	0	-72.8155
0.803536	1	0	0	10	0	-72.9509
0.803536	1	0	0	11	0	-75.2934
0.803536	1	0	0	12	0	-57.7994
0.803536	1	0	0	13	0	-89.2001
0.803536	1	0	0	14	0	-63.0225
0.803536	1	0	0	15	0	-55.3897
0.803536	1	0	0	16	0	-77.7872
0.803536	1	0	0	17	0	-73.1548
0.803536	1	0	0	18	0	-73.4659
0.803536	1	0	0	19	0	-64.7831
0.803536	1	0	0	20	0	-57.727
0.811464	1	0	0	1	0	-79.4232
0.811464	1	0	0	2	0	-89.0202
0.811464	1	0	0	3	0	-68.4429
0.811464	1	0	0	4	0	-62.4301
0.811464	1	0	0	5	0	-65.7281
0.811464	1	0	0	6	0	-71.9303
0.811464	1	0	0	7	0	-70.7764
0.811464	1	0	0	8	0	-54.4914
0.811464	1	0	0	9	0	-72.8155
0.811464	1	0	0	10	0	-72.9509
0.811464	1	0	0	11	0	-75.2934
0.811464	1	0	0	12	0	-57.7994
0.811464	1	0	0	13	0	-89.2001
0.811464	1	0	0	14	0	-63.0225
0.811464	1	0	0	15	0	-55.3897
0.811464	1	0	0	16	0	-77.7872
0.811464	1	0	0	17	0	-73.1548
0.811464	1	0	0	18	0	-73.4659
0.811464	1	0	0	19	0	-64.7831
0.811464	1	0	0	20	0	-57.727
0.813536	1	0	0	1	0	-79.4232
0.813536	1	0	0	2	0	-89.0202
0.813536	1	0	0	3	0	-68.4429
0.813536	1	0	0	4	0	-62.4301
0.813536	1	0	0	5	0	-65.7281
0.813536	1	0	0	6	0	-71.9303
0.813536	1	0	0	7	0	-70.7764
0.813536	1	0	0	8	0	-54.4914
0.813536	1	0	0	9	0	-72.8155
0.813536	1	0	0	10	0	-72.9509
0.813536	1	0	0	11	0	-75.2934
0.813536	1	0	0	12	0	-57.7994
0.813536	1	0	0	13	0	-89.2001
0.813536	1	0	0	14	0	-63.0225
0.813536	1	0	0	15	0	-55.3897
0.813536	1	0	0	16	0	-77.7872
0.813536	1	0	0	17	0	-73.1548
0.813536	1	0	0	18	0	-73.4659
0.813536	1	0	0	19	0	-64.7831
0.813536	1	0	0	20	0	-57.727
0.821464	1	0	0	1	0	-79.4232
0.821464	1	0	0	2	0	-89.0202
0.821464	1	0	0	3	0	-68.4429
0.821464	1	0	0	4	0	-62.4301
0.821464	1	0	0	5	0	-65.7281
0.821464	1	0	0	6	0	-71.9303
0.821464	1	0	0	7	0	-70.7764
0.821464	1	0	0	8	0	-54.4914
0.821464	1	0	0	9	0	-72.8155
0.821464	1	0	0	10	0	-72.9509
0.821464	1	0	0	11	0	-75.2934
0.821464	1	0	0	12	0	-57.7994
0.821464	1	0	0	13	0	-89.2001
0.821464	1	0	0	14	0	-63.0225
0.821464	1	0	0	15	0	-55.3897
0.821464	1	0	0	16	0	-77.7872
0.821464	1	0	0	17	0	-73.1548
0.821464	1	0	0	18	0	-73.4659
0.821464	1	0	0	19	0	-64.7831
0.821464	1	0	0	20	0	-57.727
0.823536	1	0	0	1	0	-79.4232
0.823536	1	0	0	2	0	-89.0202
0.823536	1	0	0	3	0	-68.4429
0.823536	1	0	0	4	0	-62.4301
0.823536	1	0	0	5	0	-65.7281
0.823536	1	0	0	6	0	-71.9303
0.823536	1	0	0	7	0	-70.7764
0.823536	1	0	0	8	0	-54.4914
0.823536	1	0	0	9	0	-72.8155
0.823536	1	0	0	10	0	-72.9509
0.823536	1	0	0	11	0	-75.2934
0.823536	1	0	0	12	0	-57.7994
0.823536	1	0	0	13	0	-89.2001
0.823536	1	0	0	14	0	-63.0225
0.823536	1	0	0	15	0	-55.3897
0.823536	1	0	0	16	0	-77.7872
0.823536	1	0	0	17	0	-73.1548
0.823536	1	0	0	18	0	-73.4659
0.823536	1	0	0	19	0	-64.7831
0.823536	1	0	0	20	0	-57.727
0.831464	1	0	0	1	0	-79.4232
0.831464	1	0	0	2	0	-89.0202
0.831464	1	0	0	3	0	-68.4429
0.831464	1	0	0	4	0	-62.4301
0.831464	1	0	0	5	0	-65.7281
0.831464	1	0	0	6	0	-71.9303
0.831464	1	0	0	7	0	-70.7764
0.831464	1	0	0	8	0	-54.4914
0.831464	1	0	0	9	0	-72.8155
0.831464	1	0	0	10	0	-72.9509
0.831464	1	0	0	11	0	-75.2934
0.831464	1	0	0	12	0	-57.7994
0.831464	1	0	0	13	0	-89.2001
0.831464	1	0	0	14	0	-63.0225
0.831464	1	0	0	15	0	-55.3897
0.831464	1	0	0	16	0	-77.7872
0.831464	1	0	0	17	0	-73.1548
0.831464	1	0	0	18	0	-73.4659
0.831464	1	0	0	19	0	-64.7831
0.831464	1	0	0	20	0	-57.727
0.833536	1	0	0	1	0	-79.4232
0.833536	1	0	0	2	0	-89.0202
0.833536	1	0	0	3	0	-68.4429
0.833536	1	0	0	4	0	-62.4301
0.833536	1	0	0	5	0	-65.7281
0.833536	1	0	0	6	0	-71.9303
0.833536	1	0	0	7	0	-70.7764
0.833536	1	0	0	8	0	-54.4914
0.833536	1	0	0	9	0	-72.8155
0.833536	1	0	0	10	0	-72.9509
0.833536	1	0	0	11	0	-75.2934
0.833536	1	0	0	12	0	-57.7994
0.833536	1	0	0	13	0	-89.2001
0.833536	1	0	0	14	0	-63.0225
0.833536	1	0	0	15	0	-55.3897
0.833536	1	0	0	16	0	-77.7872
0.833536	1	0	0	17	0	-73.1548
0.833536	1	0	0	18	0	-73.4659
0.833536	1	0	0	19	0	-64.7831
0.833536	1	0	0	20	0	-57.727
0.841464	1	0	0	1	0	-79.4232
0.841464	1	0	0	2	0	-89.0202
0.841464	1	0	0	3	0	-68.4429
0.841464	1	0	0	4	0	-62.4301
0.841464	1	0	0	5	0	-65.7281
0.841464	1	0	0	6	0	-71.9303
0.841464	1	0	0	7	0	-70.7764
0.841464	1	0	0	8	0	-54.4914
0.841464	1	0	0	9	0	-72.8155
0.841464	1	0	0	10	0	-72.9509
0.841464	1	0	0	11	0	-75.2934
0.841464	1	0	0	12	0	-57.7994
0.841464	1	0	0	13	0	-89.2001
0.841464	1	0	0	14	0	-63.0225
0.841464	1	0	0	15	0	-55.3897
0.841464	1	0	0	16	0	-77.7872
0.841464	1	0	0	17	0	-73.1548
0.841464	1	0	0	18	0	-73.4659
0.841464	1	0	0	19	0	-64.7831
0.841464	1	0	0	20	0	-57.727
0.843536	1	0	0	1	0	-79.4232
0.843536	1	0	0	2	0	-89.0202
0.843536	1	0	0	3	0	-68.4429
0.843536	1	0	0	4	0	-62.4301
0.843536	1	0	0	5	0	-65.7281
0.843536	1	0	0	6	0	-71.9303
0.843536	1	0	0	7	0	-70.7764
0.843536	1	0	0	8	0	-54.4914
0.843536	1	0	0	9	0	-72.8155
0.843536	1	0	0	10	0	-72.9509
0.843536	1	0	0	11	0	-75.2934
0.843536	1	0	0	12	0	-57.7994
0.843536	1	0	0	13	0	-89.2001
0.843536	1	0	0	14	0	-63.0225
0.843536	1	0	0	15	0	-55.3897
0.843536	1	0	0	16	0	-77.7872
0.843536	1	0	0	17	0	-73.1548
0.843536	1	0	0	18	0	-73.4659
0.843536	1	0	0	19	0	-64.7831
0.843536	1	0	0	20	0	-57.727
0.851464	1	0	0	1	0	-79.4232
0.851464	1	0	0	2	0	-89.0202
0.851464	1	0	0	3	0	-68.4429
0.851464	1	0	0	4	0	-62.4301
0.851464	1	0	0	5	0	-65.7281
0.851464	1	0	0	6	0	-71.9303
0.851464	1	0	0	7	0	-70.7764
0.851464	1	0	0	8	0	-54.4914
0.851464	1	0	0	9	0	-72.8155
0.851464	1	0	0	10	0	-72.9509
0.851464	1	0	0	11	0	-75.2934
0.851464	1	0	0	12	0	-57.7994
0.851464	1	0	0	13	0	-89.2001
0.851464	1	0	0	14	0	-63.0225
0.851464	1	0	0	15	0	-55.3897
0.851464	1	0	0	16	0	-77.7872
0.851464	1	0	0	17	0	-73.1548
0.851464	1	0	0	18	0	-73.4659
0.851464	1	0	0	19	0	-64.7831
0.851464	1	0	0	20	0	-57.727
0.853536	1	0	0	1	0	-79.4232
0.853536	1	0	0	2	0	-89.0202
0.853536	1	0	0	3	0	-68.4429
0.853536	1	0	0	4	0	-62.4301
0.853536	1	0	0	5	0	-65.7281
0.853536	1	0	0	6	0	-71.9303
0.853536	1	0	0	7	0	-70.7764
0.853536	1	0	0	8	0	-54.4914
0.853536	1	0	0	9	0	-72.8155
0.853536	1	0	0	10	0	-72.9509
0.853536	1	0	0	11	0	-75.2934
0.853536	1	0	0	12	0	-57.7994
0.853536	1	0	0	13	0	-89.2001
0.853536	1	0	0	14	0	-63.0225
0.853536	1	0	0	15	0	-55.3897
0.853536	1	0	0	16	0	-77.7872
0.853536	1	0	0	17	0	-73.1548
0.853536	1	0	0	18	0	-73.4659
0.853536	1	0	0	19	0	-64.7831
0.853536	1	0	0	20	0	-57.727
0.861464	1	0	0	1	0	-79.4232
0.861464	1	0	0	2	0	-89.0202
0.861464	1	0	0	3	0	-68.4429
0.861464	1	0	0	4	0	-62.4301
0.861464	1	0	0	5	0	-65.7281
0.861464	1	0	0	6	0	-71.9303
0.861464	1	0	0	7	0	-70.7764
0.861464	1	0	0	8	0	-54.4914
0.861464	1	0	0	9	0	-72.8155
0.861464	1	0	0	10	0	-72.9509
0.861464	1	0	0	11	0	-75.2934
0.861464	1	0	0	12	0	-57.7994
0.861464	1	0	0	13	0	-89.2001
0.861464	1	0	0	14	0	-63.0225
0.861464	1	0	0	15	0	-55.3897
0.861464	1	0	0	16	0	-77.7872
0.861464	1	0	0	17	0	-73.1548
0.861464	1	0	0	18	0	-73.4659
0.861464	1	0	0	19	0	-64.7831
0.861464	1	0	0	20	0	-57.727
0.863536	1	0	0	1	0	-79.4232
0.863536	1	0	0	2	0	-89.0202
0.863536	1	0	0	3	0	-68.4429
0.863536	1	0	0	4	0	-62.4301
0.863536	1	0	0	5	0	-65.7281
0.863536	1	0	0	6	0	-71.9303
0.863536	1	0	0	7	0	-70.7764
0.863536	1	0	0	8	0	-54.4914
0.863536	1	0	0	9	0	-72.8155
0.863536	1	0	0	10	0	-72.9509
0.863536	1	0	0	11	0	-75.2934
0.863536	1	0	0	12	0	-57.7994
0.863536	1	0	0	13	0	-89.2001
0.863536	1	0	0	14	0	-63.0225
0.863536	1	0	0	15	0	-55.3897
0.863536	1	0	0	16	0	-77.7872
0.863536	1	0	0	17	0	-73.1548
0.863536	1	0	0	18	0	-73.4659
0.863536	1	0	0	19	0	-64.7831
0.863536	1	0	0	20	0	-57.727
0.871464	1	0	0	1	0	-79.4232
0.871464	1	0	0	2	0	-89.0202
0.871464	1	0	0	3	0	-68.4429
0.871464	1	0	0	4	0	-62.4301
0.871464	1	0	0	5	0	-65.7281
0.871464	1	0	0	6	0	-71.9303
0.871464	1	0	0	7	0	-70.7764
0.871464	1	0	0	8	0	-54.4914
0.871464	1	0	0	9	0	-72.8155
0.871464	1	0	0	10	0	-72.9509
0.871464	1	0	0	11	0	-75.2934
0.871464	1	0	0	12	0	-57.7994
0.871464	1	0	0	13	0	-89.2001
0.871464	1	0	0	14	0	-63.0225
0.871464	1	0	0	15	0	-55.3897
0.871464	1	0	0	16	0	-77.7872
0.871464	1	0	0	17	0	-73.1548
0.871464	1	0	0	18	0	-73.4659
0.871464	1	0	0	19	0	-64.7831
0.871464	1	0	0	20	0	-57.727
0.873536	1	0	0	1	0	-79.4232
0.873536	1	0	0	2	0	-89.0202
0.873536	1	0	0	3	0	-68.4429
0.873536	1	0	0	4	0	-62.4301
0.873536	1	0	0	5	0	-65.7281
0.873536	1	0	0	6	0	-71.9303
0.873536	1	0	0	7	0	-70.7764
0.873536	1	0	0	8	0	-54.4914
0.873536	1	0	0	9	0	-72.8155
0.873536	1	0	0	10	0	-72.9509
0.873536	1	0	0	11	0	-75.2934
0.873536	1	0	0	12	0	-57.7994
0.873536	1	0	0	13	0	-89.2001
0.873536	1	0	0	14	0	-63.0225
0.873536	1	0	0	15	0	-55.3897
0.873536	1	0	0	16	0	-77.7872
0.873536	1	0	0	17	0	-73.1548
0.873536	1	0	0	18	0	-73.4659
0.873536	1	0	0	19	0	-64.7831
0.873536	1	0	0	20	0	-57.727
0.881464	1	0	0	1	0	-79.4232
0.881464	1	0	0	2	0	-89.0202
0.881464	1	0	0	3	0	-68.4429
0.881464	1	0	0	4	0	-62.4301
0.881464	1	0	0	5	0	-65.7281
0.881464	1	0	0	6	0	-71.9303
0.881464	1	0	0	7	0	-70.7764
0.881464	1	0	0	8	0	-54.4914
0.881464	1	0	0	9	0	-72.8155
0.881464	1	0	0	10	0	-72.9509
0.881464	1	0	0	11	0	-75.2934
0.881464	1	0	0	12	0	-57.7994
0.881464	1	0	0	13	0	-89.2001
0.881464	1	0	0	14	0	-63.0225
0.881464	1	0	0	15	0	-55.3897
0.881464	1	0	0	16	0	-77.7872
0.881464	1	0	0	17	0	-73.1548
0.881464	1	0	0	18	0	-73.4659
0.881464	1	0	0	19	0	-64.7831
0.881464	1	0	0	20	0	-57.727
0.883536	1	0	0	1	0	-79.4232
0.883536	1	0	0	2	0	-89.0202
0.883536	1	0	0	3	0	-68.4429
0.883536	1	0	0	4	0	-62.4301
0.883536	1	0	0	5	0	-65.7281
0.883536	1	0	0	6	0	-71.9303
0.883536	1	0	0	7	0	-70.7764
0.883536	1	0	0	8	0	-54.4914
0.883536	1	0	0	9	0	-72.8155
0.883536	1	0	0	10	0	-72.9509
0.883536	1	0	0	11	0	-75.2934
0.883536	1	0	0	12	0	-57.7994
0.883536	1	0	0	13	0	-89.2001
0.883536	1	0	0	14	0	-63.0225
0.883536	1	0	0	15	0	-55.3897
0.883536	1	0	0	16	0	-77.7872
0.883536	1	0	0	17	0	-73.1548
0.883536	1	0	0	18	0	-73.4659
0.883536	1	0	0	19	0	-64.7831
0.883536	1	0	0	20	0	-57.727
0.891464	1	0	0	1	0	-79.4232
0.891464	1	0	0	2	0	-89.0202
0.891464	1	0	0	3	0	-68.4429
0.891464	1	0	0	4	0	-62.4301
0.891464	1	0	0	5	0	-65.7281
0.891464	1	0	0	6	0	-71.9303
0.891464	1	0	0	7	0	-70.7764
0.891464	1	0	0	8	0	-54.4914
0.891464	1	0	0	9	0	-72.8155
0.891464	1	0	0	10	0	-72.9509
0.891464	1	0	0	11	0	-75.2934
0.891464	1	0	0	12	0	-57.7994
0.891464	1	0	0	13	0	-89.2001
0.891464	1	0	0	14	0	-63.0225
0.891464	1	0	0	15	0	-55.3897
0.891464	1	0	0	16	0	-77.7872
0.891464	1	0	0	17	0	-73.1548
0.891464	1	0	0	18	0	-73.4659
0.891464	1	0	0	19	0	-64.7831
0.891464	1	0	0	20	0	-57.727
0.893536	1	0	0	1	0	-79.4232
0.893536	1	0	0	2	0	-89.0202
0.893536	1	0	0	3	0	-68.4429
0.893536	1	0	0	4	0	-62.4301
0.893536	1	0	0	5	0	-65.7281
0.893536	1	0	0	6	0	-71.9303
0.893536	1	0	0	7	0	-70.7764
0.893536	1	0	0	8	0	-54.4914
0.893536	1	0	0	9	0	-72.8155
0.893536	1	0	0	10	0	-72.9509
0.893536	1	0	0	11	0	-75.2934
0.893536	1	0	0	12	0	-57.7994
0.893536	1	0	0	13	0	-89.2001
0.893536	1	0	0	14	0	-63.0225
0.893536	1	0	0	15	0	-55.3897
0.893536	1	0	0	16	0	-77.7872
0.893536	1	0	0	17	0	-73.1548
0.893536	1	0	0	18	0	-73.4659
0.893536	1	0	0	19	0	-64.7831
0.893536	1	0	0	20	0	-57.727
0.901464	1	0	0	1	0	-79.4232
0.901464	1	0	0	2	0	-89.0202
0.901464	1	0	0	3	0	-68.4429
0.901464	1	0	0	4	0	-62.4301
0.901464	1	0	0	5	0	-65.7281
0.901464	1	0	0	6	0	-71.9303
0.901464	1	0	0	7	0	-70.7764
0.901464	1	0	0	8	0	-54.4914
0.901464	1	0	0	9	0	-72.8155
0.901464	1	0	0	10	0	-72.9509
0.901464	1	0	0	11	0	-75.2934
0.901464	1	0	0	12	0	-57.7994
0.901464	1	0	0	13	0	-89.2001
0.901464	1	0	0	14	0	-63.0225
0.901464	1	0	0	15	0	-55.3897
0.901464	1	0	0	16	0	-77.7872
0.901464	1	0	0	17	0	-73.1548
0.901464	1	0	0	18	0	-73.4659
0.901464	1	0	0	19	0	-64.7831
0.901464	1	0	0	20	0	-57.727
0.903536	1	0	0	1	0	-79.4232
0.903536	1	0	0	2	0	-89.0202
0.903536	1	0	0	3	0	-68.4429
0.903536	1	0	0	4	0	-62.4301
0.903536	1	0	0	5	0	-65.7281
0.903536	1	0	0	6	0	-71.9303
0.903536	1	0	0	7	0	-70.7764
0.903536	1	0	0	8	0	-54.4914
0.903536	1	0	0	9	0	-72.8155
0.903536	1	0	0	10	0	-72.9509
0.903536	1	0	0	11	0	-75.2934
0.903536	1	0	0	12	0	-57.7994
0.903536	1	0	0	13	0	-89.2001
0.903536	1	0	0	14	0	-63.0225
0.903536	1	0	0	15	0	-55.3897
0.903536	1	0	0	16	0	-77.7872
0.903536	1	0	0	17	0	-73.1548
0.903536	1	0	0	18	0	-73.4659
0.903536	1	0	0	19	0	-64.7831
0.903536	1	0	0	20	0	-57.727
0.911464	1	0	0	1	0	-79.4232
0.911464	1	0	0	2	0	-89.0202
0.911464	1	0	0	3	0	-68.4429
0.911464	1	0	0	4	0	-62.4301
0.911464	1	0	0	5	0	-65.7281
0.911464	1	0	0	6	0	-71.9303
0.911464	1	0	0	7	0	-70.7764
0.911464	1	0	0	8	0	-54.4914
0.911464	1	0	0	9	0	-72.8155
0.911464	1	0	0	10	0	-72.9509
0.911464	1	0	0	11	0	-75.2934
0.911464	1	0	0	12	0	-57.7994
0.911464	1	0	0	13	0	-89.2001
0.911464	1	0	0	14	0	-63.0225
0.911464	1	0	0	15	0	-55.3897
0.911464	1	0	0	16	0	-77.7872
0.911464	1	0	0	17	0	-73.1548
0.911464	1	0	0	18	0	-73.4659
0.911464	1	0	0	19	0	-64.7831
0.911464	1	0	0	20	0	-57.727
0.913536	1	0	0	1	0	-79.4232
0.913536	1	0	0	2	0	-89.0202
0.913536	1	0	0	3	0	-68.4429
0.913536	1	0	0	4	0	-62.4301
0.913536	1	0	0	5	0	-65.7281
0.913536	1	0	0	6	0	-71.9303
0.913536	1	0	0	7	0	-70.7764
0.913536	1	0	0	8	0	-54.4914
0.913536	1	0	0	9	0	-72.8155
0.913536	1	0	0	10	0	-72.9509
0.913536	1	0	0	11	0	-75.2934
0.913536	1	0	0	12	0	-57.7994
0.913536	1	0	0	13	0	-89.2001
0.913536	1	0	0	14	0	-63.0225
0.913536	1	0	0	15	0	-55.3897
0.913536	1	0	0	16	0	-77.7872
0.913536	1	0	0	17	0	-73.1548
0.913536	1	0	0	18	0	-73.4659
0.913536	1	0	0	19	0	-64.7831
0.913536	1	0	0	20	0	-57.727
0.921464	1	0	0	1	0	-79.4232
0.921464	1	0	0	2	0	-89.0202
0.921464	1	0	0	3	0	-68.4429
0.921464	1	0	0	4	0	-62.4301
0.921464	1	0	0	5	0	-65.7281
0.921464	1	0	0	6	0	-71.9303
0.921464	1	0	0	7	0	-70.7764
0.921464	1	0	0	8	0	-54.4914
0.921464	1	0	0	9	0	-72.8155
0.921464	1	0	0	10	0	-72.9509
0.921464	1	0	0	11	0	-75.2934
0.921464	1	0	0	12	0	-57.7994
0.921464	1	0	0	13	0	-89.2001
0.921464	1	0	0	14	0	-63.0225
0.921464	1	0	0	15	0	-55.3897
0.921464	1	0	0	16	0	-77.7872
0.921464	1	0	0	17	0	-73.1548
0.921464	1	0	0	18	0	-73.4659
0.921464	1	0	0	19	0	-64.7831
0.921464	1	0	0	20	0	-57.727
0.923536	1	0	0	1	0	-79.4232
0.923536	1	0	0	2	0	-89.0202
0.923536	1	0	0	3	0	-68.4429
0.923536	1	0	0	4	0	-62.4301
0.923536	1	0	0	5	0	-65.7281
0.923536	1	0	0	6	0	-71.9303
0.923536	1	0	0	7	0	-70.7764
0.923536	1	0	0	8	0	-54.4914
0.923536	1	0	0	9	0	-72.8155
0.923536	1	0	0	10	0	-72.9509
0.923536	1	0	0	11	0	-75.2934
0.923536	1	0	0	12	0	-57.7994
0.923536	1	0	0	13	0	-89.2001
0.923536	1	0	0	14	0	-63.0225
0.923536	1	0	0	15	0	-55.3897
0.923536	1	0	0	16	0	-77.7872
0.923536	1	0	0	17	0	-73.1548
0.923536	1	0	0	18	0	-73.4659
0.923536	1	0	0	19	0	-64.7831
0.923536	1	0	0	20	0	-57.727
0.931464	1	0	0	1	0	-79.4232
0.931464	1	0	0	2	0	-89.0202
0.931464	1	0	0	3	0	-68.4429
0.931464	1	0	0	4	0	-62.4301
0.931464	1	0	0	5	0	-65.7281
0.931464	1	0	0	6	0	-71.9303
0.931464	1	0	0	7	0	-70.7764
0.931464	1	0	0	8	0	-54.4914
0.931464	1	0	0	9	0	-72.8155
0.931464	1	0	0	10	0	-72.9509
0.931464	1	0	0	11	0	-75.2934
0.931464	1	0	0	12	0	-57.7994
0.931464	1	0	0	13	0	-89.2001
0.931464	1	0	0	14	0	-63.0225
0.931464	1	0	0	15	0	-55.3897
0.931464	1	0	0	16	0	-77.7872
0.931464	1	0	0	17	0	-73.1548
0.931464	1	0	0	18	0	-73.4659
0.931464	1	0	0	19	0	-64.7831
0.931464	1	0	0	20	0	-57.727
0.933536	1	0	0	1	0	-79.4232
0.933536	1	0	0	2	0	-89.0202
0.933536	1	0	0	3	0	-68.4429
0.933536	1	0	0	4	0	-62.4301
0.933536	1	0	0	5	0	-65.7281
0.933536	1	0	0	6	0	-71.9303
0.933536	1	0	0	7	0	-70.7764
0.933536	1	0	0	8	0	-54.4914
0.933536	1	0	0	9	0	-72.8155
0.933536	1	0	0	10	0	-72.9509
0.933536	1	0	0	11	0	-75.2934
0.933536	1	0	0	12	0	-57.7994
0.933536	1	0	0	13	0	-89.2001
0.933536	1	0	0	14	0	-63.0225
0.933536	1	0	0	15	0	-55.3897
0.933536	1	0	0	16	0	-77.7872
0.933536	1	0	0	17	0	-73.1548
0.933536	1	0	0	18	0	-73.4659
0.933536	1	0	0	19	0	-64.7831
0.933536	1	0	0	20	0	-57.727
0.941464	1	0	0	1	0	-79.4232
0.941464	1	0	0	2	0	-89.0202
0.941464	1	0	0	3	0	-68.4429
0.941464	1	0	0	4	0	-62.4301
0.941464	1	0	0	5	0	-65.7281
0.941464	1	0	0	6	0	-71.9303
0.941464	1	0	0	7	0	-70.7764
0.941464	1	0	0	8	0	-54.4914
0.941464	1	0	0	9	0	-72.8155
0.941464	1	0	0	10	0	-72.9509
0.941464	1	0	0	11	0	-75.2934
0.941464	1	0	0	12	0	-57.7994
0.941464	1	0	0	13	0	-89.2001
0.941464	1	0	0	14	0	-63.0225
0.941464	1	0	0	15	0	-55.3897
0.941464	1	0	0	16	0	-77.7872
0.941464	1	0	0	17	0	-73.1548
0.941464	1	0	0	18	0	-73.4659
0.941464	1	0	0	19	0	-64.7831
0.941464	1	0	0	20	0	-57.727
0.943536	1	0	0	1	0	-79.4232
0.943536	1	0	0	2	0	-89.0202
0.943536	1	0	0	3	0	-68.4429
0.943536	1	0	0	4	0	-62.4301
0.943536	1	0	0	5	0	-65.7281
0.943536	1	0	0	6	0	-71.9303
0.943536	1	0	0	7	0	-70.7764
0.943536	1	0	0	8	0	-54.4914
0.943536	1	0	0	9	0	-72.8155
0.943536	1	0	0	10	0	-72.9509
0.943536	1	0	0	11	0	-75.2934
0.943536	1	0	0	12	0	-57.7994
0.943536	1	0	0	13	0	-89.2001
0.943536	1	0	0	14	0	-63.0225
0.943536	1	0	0	15	0	-55.3897
0.943536	1	0	0	16	0	-77.7872
0.943536	1	0	0	17	0	-73.1548
0.943536	1	0	0	18	0	-73.4659
0.943536	1	0	0	19	0	-64.7831
0.943536	1	0	0	20	0	-57.727
0.951464	1	0	0	1	0	-79.4232
0.951464	1	0	0	2	0	-89.0202
0.951464	1	0	0	3	0	-68.4429
0.951464	1	0	0	4	0	-62.4301
0.951464	1	0	0	5	0	-65.7281
0.951464	1	0	0	6	0	-71.9303
0.951464	1	0	0	7	0	-70.7764
0.951464	1	0	0	8	0	-54.4914
0.951464	1	0	0	9	0	-72.8155
0.951464	1	0	0	10	0	-72.9509
0.951464	1	0	0	11	0	-75.2934
0.951464	1	0	0	12	0	-57.7994
0.951464	1	0	0	13	0	-89.2001
0.951464	1	0	0	14	0	-63.0225
0.951464	1	0	0	15	0	-55.3897
0.951464	1	0	0	16	0	-77.7872
0.951464	1	0	0	17	0	-73.1548
0.951464	1	0	0	18	0	-73.4659
0.951464	1	0	0	19	0	-64.7831
0.951464	1	0	0	20	0	-57.727
0.953536	1	0	0	1	0	-79.4232
0.953536	1	0	0	2	0	-89.0202
0.953536	1	0	0	3	0	-68.4429
0.953536	1	0	0	4	0	-62.4301
0.953536	1	0	0	5	0	-65.7281
0.953536	1	0	0	6	0	-71.9303
0.953536	1	0	0	7	0	-70.7764
0.953536	1	0	0	8	0	-54.4914
0.953536	1	0	0	9	0	-72.8155
0.953536	1	0	0	10	0	-72.9509
0.953536	1	0	0	11	0	-75.2934
0.953536	1	0	0	12	0	-57.7994
0.953536	1	0	0	13	0	-89.2001
0.953536	1	0	0	14	0	-63.0225
0.953536	1	0	0	15	0	-55.3897
0.953536	1	0	0	16	0	-77.7872
0.953536	1	0	0	17	0	-73.1548
0.953536	1	0	0	18	0	-73.4659
0.953536	1	0	0	19	0	-64.7831
0.953536	1	0	0	20	0	-57.727
0.961464	1	0	0	1	0	-79.4232
0.961464	1	0	0	2	0	-89.0202
0.961464	1	0	0	3	0	-68.4429
0.961464	1	0	0	4	0	-62.4301
0.961464	1	0	0	5	0	-65.7281
0.961464	1	0	0	6	0	-71.9303
0.961464	1	0	0	7	0	-70.7764
0.961464	1	0	0	8	0	-54.4914
0.961464	1	0	0	9	0	-72.8155
0.961464	1	0	0	10	0	-72.9509
0.961464	1	0	0	11	0	-75.2934
0.961464	1	0	0	12	0	-57.7994
0.961464	1	0	0	13	0	-89.2001
0.961464	1	0	0	14	0	-63.0225
0.961464	1	0	0	15	0	-55.3897
0.961464	1	0	0	16	0	-77.7872
0.961464	1	0	0	17	0	-73.1548
0.961464	1	0	0	18	0	-73.4659
0.961464	1	0	0	19	0	-64.7831
0.961464	1	0	0	20	0	-57.727
0.963536	1	0	0	1	0	-79.4232
0.963536	1	0	0	2	0	-89.0202
0.963536	1	0	0	3	0	-68.4429
0.963536	1	0	0	4	0	-62.4301
0.963536	1	0	0	5	0	-65.7281
0.963536	1	0	0	6	0	-71.9303
0.963536	1	0	0	7	0	-70.7764
0.963536	1	0	0	8	0	-54.4914
0.963536	1	0	0	9	0	-72.8155
0.963536	1	0	0	10	0	-72.9509
0.963536	1	0	0	11	0	-75.2934
0.963536	1	0	0	12	0	-57.7994
0.963536	1	0	0	13	0	-89.2001
0.963536	1	0	0	14	0	-63.0225
0.963536	1	0	0	15	0	-55.3897
0.963536	1	0	0	16	0	-77.7872
0.963536	1	0	0	17	0	-73.1548
0.963536	1	0	0	18	0	-73.4659
0.963536	1	0	0	19	0	-64.7831
0.963536	1	0	0	20	0	-57.727
0.971464	1	0	0	1	0	-79.4232
0.971464	1	0	0	2	0	-89.0202
0.971464	1	0	0	3	0	-68.4429
0.971464	1	0	0	4	0	-62.4301
0.971464	1	0	0	5	0	-65.7281
0.971464	1	0	0	6	0	-71.9303
0.971464	1	0	0	7	0	-70.7764
0.971464	1	0	0	8	0	-54.4914
0.971464	1	0	0	9	0	-72.8155
0.971464	1	0	0	10	0	-72.9509
0.971464	1	0	0	11	0	-75.2934
0.971464	1	0	0	12	0	-57.7994
0.971464	1	0	0	13	0	-89.2001
0.971464	1	0	0	14	0	-63.0225
0.971464	1	0	0	15	0	-55.3897
0.971464	1	0	0	16	0	-77.7872
0.971464	1	0	0	17	0	-73.1548
0.971464	1	0	0	18	0	-73.4659
0.971464	1	0	0	19	0	-64.7831
0.971464	1	0	0	20	0	-57.727
0.973536	1	0	0	1	0	-79.4232
0.973536	1	0	0	2	0	-89.0202
0.973536	1	0	0	3	0	-68.4429
0.973536	1	0	0	4	0	-62.4301
0.973536	1	0	0	5	0	-65.7281
0.973536	1	0	0	6	0	-71.9303
0.973536	1	0	0	7	0	-70.7764
0.973536	1	0	0	8	0	-54.4914
0.973536	1	0	0	9	0	-72.8155
0.973536	1	0	0	10	0	-72.9509
0.973536	1	0	0	11	0	-75.2934
0.973536	1	0	0	12	0	-57.7994
0.973536	1	0	0	13	0	-89.2001
0.973536	1	0	0	14	0	-63.0225
0.973536	1	0	0	15	0	-55.3897
0.973536	1	0	0	16	0	-77.7872
0.973536	1	0	0	17	0	-73.1548
0.973536	1	0	0	18	0	-73.4659
0.973536	1	0	0	19	0	-64.7831
0.973536	1	0	0	20	0	-57.727
0.981464	1	0	0	1	0	-79.4232
0.981464	1	0	0	2	0	-89.0202
0.981464	1	0	0	3	0	-68.4429
0.981464	1	0	0	4	0	-62.4301
0.981464	1	0	0	5	0	-65.7281
0.981464	1	0	0	6	0	-71.9303
0.981464	1	0	0	7	0	-70.7764
0.981464	1	0	0	8	0	-54.4914
0.981464	1	0	0	9	0	-72.8155
0.981464	1	0	0	10	0	-72.9509
0.981464	1	0	0	11	0	-75.2934
0.981464	1	0	0	12	0	-57.7994
0.981464	1	0	0	13	0	-89.2001
0.981464	1	0	0	14	0	-63.0225
0.981464	1	0	0	15	0	-55.3897
0.981464	1	0	0	16	0	-77.7872
0.981464	1	0	0	17	0	-73.1548
0.981464	1	0	0	18	0	-73.4659
0.981464	1	0	0	19	0	-64.7831
0.981464	1	0	0	20	0	-57.727
0.983536	1	0	0	1	0	-79.4232
0.983536	1	0	0	2	0	-89.0202
0.983536	1	0	0	3	0	-68.4429
0.983536	1	0	0	4	0	-62.4301
0.983536	1	0	0	5	0	-65.7281
0.983536	1	0	0	6	0	-71.9303
0.983536	1	0	0	7	0	-70.7764
0.983536	1	0	0	8	0	-54.4914
0.983536	1	0	0	9	0	-72.8155
0.983536	1	0	0	10	0	-72.9509
0.983536	1	0	0	11	0	-75.2934
0.983536	1	0	0	12	0	-57.7994
0.983536	1	0	0	13	0	-89.2001
0.983536	1	0	0	14	0	-63.0225
0.983536	1	0	0	15	0	-55.3897
0.983536	1	0	0	16	0	-77.7872
0.983536	1	0	0	17	0	-73.1548
0.983536	1	0	0	18	0	-73.4659
0.983536	1	0	0	19	0	-64.7831
0.983536	1	0	0	20	0	-57.727
0.991464	1	0	0	1	0	-79.4232
0.991464	1	0	0	2	0	-89.0202
0.991464	1	0	0	3	0	-68.4429
0.991464	1	0	0	4	0	-62.4301
0.991464	1	0	0	5	0	-65.7281
0.991464	1	0	0	6	0	-71.9303
0.991464	1	0	0	7	0	-70.7764
0.991464	1	0	0	8	0	-54.4914
0.991464	1	0	0	9	0	-72.8155
0.991464	1	0	0	10	0	-72.9509
0.991464	1	0	0	11	0	-75.2934
0.991464	1	0	0	12	0	-57.7994
0.991464	1	0	0	13	0	-89.2001
0.991464	1	0	0	14	0	-63.0225
0.991464	1	0	0	15	0	-55.3897
0.991464	1	0	0	16	0	-77.7872
0.991464	1	0	0	17	0	-73.1548
0.991464	1	0	0	18	0	-73.4659
0.991464	1	0	0	19	0	-64.7831
0.991464	1	0	0	20	0	-57.727
0.993536	1	0	0	1	0	-79.4232
0.993536	1	0	0	2	0	-89.0202
0.993536	1	0	0	3	0	-68.4429
0.993536	1	0	0	4	0	-62.4301
0.993536	1	0	0	5	0	-65.7281
0.993536	1	0	0	6	0	-71.9303
0.993536	1	0	0	7	0	-70.7764
0.993536	1	0	0	8	0	-54.4914
0.993536	1	0	0	9	0	-72.8155
0.993536	1	0	0	10	0	-72.9509
0.993536	1	0	0	11	0	-75.2934
0.993536	1	0	0	12	0	-57.7994
0.993536	1	0	0	13	0	-89.2001
0.993536	1	0	0	14	0	-63.0225
0.993536	1	0	0	15	0	-55.3897
0.993536	1	0	0	16	0	-77.7872
0.993536	1	0	0	17	0	-73.1548
0.993536	1	0	0	18	0	-73.4659
0.993536	1	0	0	19	0	-64.7831
0.993536	1	0	0	20	0	-57.727
